Spectral Irradiance, W m-2 nm-1
values at z =      0.541 km
Columns: wavelength (nm), times (hrs.) or sza (deg.)
    wc, nm     16.000     16.017     16.033     16.050     16.067     16.083     16.100     16.117     16.133     16.150     16.167     16.183     16.200     16.217     16.233     16.250     16.267     16.283     16.300     16.317     16.333     16.350     16.367     16.383     16.400     16.417     16.433     16.450     16.467     16.483     16.500     16.517     16.533     16.550     16.567     16.583     16.600     16.617     16.633     16.650     16.667     16.683     16.700     16.717     16.733     16.750     16.767     16.783     16.800     16.817     16.833     16.850     16.867     16.883     16.900     16.917     16.933     16.950     16.967     16.983     17.000
    sza =      30.950     31.175     31.400     31.625     31.850     32.074     32.299     32.524     32.749     32.973     33.198     33.423     33.647     33.872     34.097     34.321     34.545     34.770     34.995     35.219     35.443     35.668     35.892     36.116     36.341     36.565     36.789     37.013     37.238     37.462     37.686     37.910     38.134     38.358     38.582     38.806     39.030     39.254     39.478     39.702     39.926     40.149     40.373     40.597     40.820     41.044     41.268     41.491     41.715     41.938     42.162     42.385     42.609     42.832     43.055     43.278     43.502     43.725     43.948     44.171     44.394
  280.5000  9.960E-18  9.131E-18  8.362E-18  7.652E-18  6.994E-18  6.387E-18  5.827E-18  5.311E-18  4.835E-18  4.398E-18  3.997E-18  3.628E-18  3.289E-18  2.808E-18  2.696E-18  2.437E-18  2.200E-18  1.984E-18  1.788E-18  1.609E-18  1.446E-18  1.299E-18  1.165E-18  1.043E-18  9.336E-19  8.344E-19  7.449E-19  6.641E-19  5.912E-19  5.260E-19  4.672E-19  4.145E-19  3.673E-19  3.250E-19  2.873E-19  2.535E-19  2.235E-19  1.968E-19  1.730E-19  1.518E-19  1.331E-19  1.165E-19  1.019E-19  8.895E-20  7.754E-20  6.750E-20  5.867E-20  5.092E-20  4.413E-20  3.818E-20  3.299E-20  2.845E-20  2.450E-20  2.107E-20  1.809E-20  1.550E-20  1.327E-20  1.133E-20  9.664E-21  8.228E-21  6.993E-21
  281.5000  6.237E-16  5.762E-16  5.318E-16  4.905E-16  4.519E-16  4.161E-16  3.827E-16  3.517E-16  3.228E-16  2.961E-16  2.714E-16  2.485E-16  2.273E-16  2.077E-16  1.896E-16  1.729E-16  1.575E-16  1.434E-16  1.304E-16  1.184E-16  1.075E-16  9.744E-17  8.824E-17  7.983E-17  7.214E-17  6.512E-17  5.872E-17  5.289E-17  4.759E-17  4.277E-17  3.840E-17  3.443E-17  3.084E-17  2.759E-17  2.465E-17  2.200E-17  1.961E-17  1.746E-17  1.553E-17  1.379E-17  1.224E-17  1.084E-17  9.591E-18  8.475E-18  7.479E-18  6.591E-18  5.801E-18  5.099E-18  4.476E-18  3.923E-18  3.434E-18  2.928E-18  2.620E-18  2.283E-18  1.987E-18  1.727E-18  1.499E-18  1.298E-18  1.123E-18  9.702E-19  8.366E-19
  282.5000  1.490E-14  1.386E-14  1.288E-14  1.196E-14  1.109E-14  1.028E-14  9.522E-15  8.812E-15  8.148E-15  7.529E-15  6.950E-15  6.410E-15  5.907E-15  5.130E-15  5.002E-15  4.598E-15  4.222E-15  3.873E-15  3.550E-15  3.251E-15  2.974E-15  2.719E-15  2.483E-15  2.265E-15  2.064E-15  1.879E-15  1.709E-15  1.553E-15  1.410E-15  1.279E-15  1.158E-15  1.048E-15  9.476E-16  8.557E-16  7.719E-16  6.955E-16  6.260E-16  5.629E-16  5.055E-16  4.535E-16  4.063E-16  3.637E-16  3.251E-16  2.903E-16  2.589E-16  2.306E-16  1.991E-16  1.823E-16  1.618E-16  1.434E-16  1.269E-16  1.122E-16  9.908E-17  8.736E-17  7.693E-17  6.765E-17  5.941E-17  5.210E-17  4.563E-17  3.990E-17  3.484E-17
  283.5000  1.061E-13  9.906E-14  9.245E-14  8.622E-14  8.034E-14  7.481E-14  6.960E-14  6.471E-14  6.012E-14  5.580E-14  5.176E-14  4.796E-14  4.441E-14  4.109E-14  3.799E-14  3.509E-14  3.239E-14  2.986E-14  2.751E-14  2.533E-14  2.329E-14  2.141E-14  1.964E-14  1.803E-14  1.652E-14  1.513E-14  1.384E-14  1.264E-14  1.154E-14  1.053E-14  9.594E-15  8.735E-15  7.943E-15  7.217E-15  6.550E-15  5.939E-15  5.379E-15  4.867E-15  4.400E-15  3.972E-15  3.583E-15  3.228E-15  2.905E-15  2.611E-15  2.345E-15  2.103E-15  1.884E-15  1.686E-15  1.507E-15  1.345E-15  1.200E-15  1.068E-15  9.504E-16  8.443E-16  7.492E-16  6.639E-16  5.876E-16  5.194E-16  4.584E-16  4.041E-16  3.558E-16
  284.5000  2.291E-12  2.156E-12  2.028E-12  1.907E-12  1.791E-12  1.682E-12  1.578E-12  1.479E-12  1.386E-12  1.297E-12  1.214E-12  1.134E-12  1.060E-12  9.895E-13  9.230E-13  8.604E-13  8.015E-13  7.460E-13  6.938E-13  6.447E-13  5.987E-13  5.556E-13  5.151E-13  4.771E-13  4.418E-13  4.086E-13  3.776E-13  3.487E-13  3.217E-13  2.966E-13  2.731E-13  2.514E-13  2.311E-13  2.123E-13  1.949E-13  1.787E-13  1.637E-13  1.499E-13  1.370E-13  1.252E-13  1.143E-13  1.042E-13  9.493E-14  8.641E-14  7.856E-14  7.136E-14  6.475E-14  5.869E-14  5.315E-14  4.808E-14  4.344E-14  3.921E-14  3.536E-14  3.185E-14  2.865E-14  2.575E-14  2.312E-14  2.073E-14  1.857E-14  1.660E-14  1.484E-14
  285.5000  1.390E-11  1.316E-11  1.245E-11  1.178E-11  1.113E-11  1.051E-11  9.922E-12  9.359E-12  8.823E-12  8.313E-12  7.827E-12  7.365E-12  6.925E-12  6.508E-12  6.111E-12  5.736E-12  5.379E-12  5.041E-12  4.721E-12  4.419E-12  4.133E-12  3.862E-12  3.607E-12  3.366E-12  3.139E-12  2.926E-12  2.724E-12  2.535E-12  2.357E-12  2.190E-12  2.033E-12  1.886E-12  1.748E-12  1.619E-12  1.499E-12  1.386E-12  1.280E-12  1.182E-12  1.090E-12  1.004E-12  9.253E-13  8.513E-13  7.826E-13  7.188E-13  6.596E-13  6.047E-13  5.539E-13  5.069E-13  4.634E-13  4.233E-13  3.863E-13  3.522E-13  3.207E-13  2.918E-13  2.653E-13  2.409E-13  2.185E-13  1.980E-13  1.793E-13  1.621E-13  1.465E-13
  286.5000  2.507E-10  2.384E-10  2.266E-10  2.153E-10  2.044E-10  1.940E-10  1.840E-10  1.743E-10  1.651E-10  1.563E-10  1.479E-10  1.399E-10  1.322E-10  1.249E-10  1.179E-10  1.112E-10  1.048E-10  9.876E-11  9.299E-11  8.751E-11  8.227E-11  7.733E-11  7.263E-11  6.816E-11  6.393E-11  5.992E-11  5.613E-11  5.254E-11  4.914E-11  4.593E-11  4.290E-11  4.005E-11  3.735E-11  3.420E-11  3.243E-11  3.018E-11  2.806E-11  2.608E-11  2.422E-11  2.247E-11  2.083E-11  1.930E-11  1.786E-11  1.652E-11  1.527E-11  1.410E-11  1.301E-11  1.199E-11  1.104E-11  9.965E-12  9.345E-12  8.584E-12  7.879E-12  7.225E-12  6.620E-12  6.059E-12  5.541E-12  5.062E-12  4.621E-12  4.214E-12  3.839E-12
  287.5000  2.300E-09  2.198E-09  2.100E-09  2.005E-09  1.913E-09  1.825E-09  1.739E-09  1.657E-09  1.578E-09  1.502E-09  1.430E-09  1.359E-09  1.292E-09  1.227E-09  1.165E-09  1.105E-09  1.048E-09  9.930E-10  9.405E-10  8.904E-10  8.424E-10  7.965E-10  7.527E-10  7.109E-10  6.710E-10  6.153E-10  5.968E-10  5.622E-10  5.294E-10  4.982E-10  4.685E-10  4.403E-10  4.135E-10  3.881E-10  3.640E-10  3.412E-10  3.196E-10  2.992E-10  2.798E-10  2.616E-10  2.443E-10  2.281E-10  2.127E-10  1.983E-10  1.847E-10  1.719E-10  1.599E-10  1.486E-10  1.380E-10  1.280E-10  1.187E-10  1.100E-10  1.018E-10  9.418E-11  8.705E-11  8.039E-11  7.417E-11  6.838E-11  6.299E-11  5.797E-11  5.331E-11
  288.5000  1.920E-08  1.845E-08  1.772E-08  1.701E-08  1.632E-08  1.566E-08  1.501E-08  1.439E-08  1.378E-08  1.319E-08  1.263E-08  1.208E-08  1.155E-08  1.103E-08  1.054E-08  1.006E-08  9.603E-09  9.160E-09  8.732E-09  8.320E-09  7.924E-09  7.543E-09  7.176E-09  6.824E-09  6.486E-09  6.161E-09  5.849E-09  5.550E-09  5.263E-09  4.989E-09  4.726E-09  4.475E-09  4.234E-09  4.004E-09  3.784E-09  3.575E-09  3.375E-09  3.184E-09  3.003E-09  2.830E-09  2.665E-09  2.508E-09  2.359E-09  2.218E-09  2.083E-09  1.956E-09  1.835E-09  1.720E-09  1.612E-09  1.509E-09  1.412E-09  1.320E-09  1.234E-09  1.152E-09  1.075E-09  1.002E-09  9.337E-10  8.692E-10  8.087E-10  7.518E-10  6.984E-10
  289.5000  1.518E-07  1.464E-07  1.412E-07  1.338E-07  1.311E-07  1.262E-07  1.215E-07  1.169E-07  1.125E-07  1.081E-07  1.039E-07  9.983E-08  9.586E-08  9.201E-08  8.828E-08  8.466E-08  8.116E-08  7.776E-08  7.447E-08  7.129E-08  6.822E-08  6.525E-08  6.238E-08  5.960E-08  5.693E-08  5.434E-08  5.187E-08  4.946E-08  4.714E-08  4.492E-08  4.278E-08  4.072E-08  3.873E-08  3.683E-08  3.500E-08  3.325E-08  3.156E-08  2.995E-08  2.840E-08  2.692E-08  2.550E-08  2.414E-08  2.284E-08  2.160E-08  2.042E-08  1.929E-08  1.821E-08  1.718E-08  1.620E-08  1.527E-08  1.438E-08  1.353E-08  1.273E-08  1.196E-08  1.124E-08  1.055E-08  9.898E-09  9.281E-09  8.695E-09  8.142E-09  7.618E-09
  290.5000  8.259E-07  7.992E-07  7.731E-07  7.476E-07  7.226E-07  6.983E-07  6.745E-07  6.512E-07  6.286E-07  6.065E-07  5.850E-07  5.640E-07  5.435E-07  5.236E-07  5.042E-07  4.854E-07  4.671E-07  4.492E-07  4.320E-07  4.151E-07  3.988E-07  3.830E-07  3.676E-07  3.527E-07  3.383E-07  3.243E-07  3.107E-07  2.976E-07  2.849E-07  2.727E-07  2.608E-07  2.494E-07  2.383E-07  2.276E-07  2.173E-07  2.074E-07  1.978E-07  1.886E-07  1.797E-07  1.712E-07  1.629E-07  1.550E-07  1.474E-07  1.401E-07  1.331E-07  1.264E-07  1.200E-07  1.138E-07  1.079E-07  1.022E-07  9.677E-08  9.158E-08  8.662E-08  8.189E-08  7.737E-08  7.305E-08  6.894E-08  6.501E-08  6.128E-08  5.772E-08  5.434E-08
  291.5000  3.680E-06  3.574E-06  3.470E-06  3.368E-06  3.268E-06  3.170E-06  3.073E-06  2.979E-06  2.887E-06  2.797E-06  2.708E-06  2.622E-06  2.537E-06  2.455E-06  2.374E-06  2.295E-06  2.218E-06  2.142E-06  2.069E-06  1.997E-06  1.927E-06  1.859E-06  1.793E-06  1.728E-06  1.665E-06  1.604E-06  1.544E-06  1.486E-06  1.430E-06  1.375E-06  1.322E-06  1.270E-06  1.220E-06  1.172E-06  1.124E-06  1.079E-06  1.034E-06  9.915E-07  9.499E-07  9.097E-07  8.709E-07  8.333E-07  7.969E-07  7.619E-07  7.280E-07  6.953E-07  6.637E-07  6.333E-07  6.041E-07  5.758E-07  5.487E-07  5.225E-07  4.973E-07  4.732E-07  4.500E-07  4.276E-07  4.062E-07  3.857E-07  3.660E-07  3.471E-07  3.290E-07
  292.5000  1.168E-05  1.138E-05  1.108E-05  1.079E-05  1.050E-05  1.022E-05  9.938E-06  9.665E-06  9.396E-06  9.132E-06  8.872E-06  8.618E-06  8.368E-06  8.123E-06  7.882E-06  7.647E-06  7.416E-06  7.190E-06  6.968E-06  6.751E-06  6.539E-06  6.331E-06  6.128E-06  5.930E-06  5.736E-06  5.546E-06  5.361E-06  5.180E-06  5.004E-06  4.831E-06  4.664E-06  4.500E-06  4.340E-06  4.185E-06  4.034E-06  3.886E-06  3.743E-06  3.604E-06  3.468E-06  3.336E-06  3.208E-06  3.084E-06  2.963E-06  2.846E-06  2.733E-06  2.622E-06  2.516E-06  2.412E-06  2.312E-06  2.215E-06  2.121E-06  2.031E-06  1.943E-06  1.858E-06  1.776E-06  1.697E-06  1.621E-06  1.547E-06  1.476E-06  1.408E-06  1.342E-06
  293.5000  4.371E-05  4.270E-05  4.170E-05  4.072E-05  3.975E-05  3.879E-05  3.784E-05  3.691E-05  3.599E-05  3.509E-05  3.420E-05  3.332E-05  3.246E-05  3.161E-05  3.077E-05  2.995E-05  2.914E-05  2.835E-05  2.757E-05  2.680E-05  2.605E-05  2.531E-05  2.459E-05  2.387E-05  2.318E-05  2.249E-05  2.182E-05  2.116E-05  2.052E-05  1.989E-05  1.927E-05  1.867E-05  1.808E-05  1.750E-05  1.694E-05  1.638E-05  1.584E-05  1.532E-05  1.480E-05  1.430E-05  1.381E-05  1.333E-05  1.287E-05  1.241E-05  1.197E-05  1.131E-05  1.112E-05  1.071E-05  1.032E-05  9.931E-06  9.555E-06  9.191E-06  8.836E-06  8.492E-06  8.159E-06  7.835E-06  7.521E-06  7.216E-06  6.921E-06  6.635E-06  6.359E-06
  294.5000  1.017E-04  9.955E-05  9.744E-05  9.535E-05  9.329E-05  8.895E-05  8.923E-05  8.724E-05  8.527E-05  8.333E-05  8.141E-05  7.952E-05  7.765E-05  7.581E-05  7.399E-05  7.220E-05  7.044E-05  6.870E-05  6.699E-05  6.530E-05  6.364E-05  6.200E-05  6.039E-05  5.881E-05  5.725E-05  5.572E-05  5.421E-05  5.274E-05  5.128E-05  4.985E-05  4.845E-05  4.708E-05  4.573E-05  4.440E-05  4.311E-05  4.183E-05  4.059E-05  3.936E-05  3.769E-05  3.700E-05  3.585E-05  3.472E-05  3.363E-05  3.255E-05  3.150E-05  3.048E-05  2.947E-05  2.849E-05  2.754E-05  2.661E-05  2.570E-05  2.481E-05  2.394E-05  2.310E-05  2.228E-05  2.148E-05  2.070E-05  1.994E-05  1.920E-05  1.848E-05  1.779E-05
  295.5000  3.167E-04  3.108E-04  3.049E-04  2.991E-04  2.933E-04  2.876E-04  2.819E-04  2.763E-04  2.708E-04  2.653E-04  2.599E-04  2.545E-04  2.492E-04  2.439E-04  2.387E-04  2.336E-04  2.285E-04  2.235E-04  2.185E-04  2.136E-04  2.088E-04  2.040E-04  1.993E-04  1.946E-04  1.901E-04  1.855E-04  1.811E-04  1.767E-04  1.724E-04  1.681E-04  1.639E-04  1.597E-04  1.557E-04  1.517E-04  1.477E-04  1.438E-04  1.400E-04  1.363E-04  1.326E-04  1.290E-04  1.254E-04  1.219E-04  1.185E-04  1.151E-04  1.118E-04  1.086E-04  1.054E-04  1.023E-04  9.927E-05  9.628E-05  9.335E-05  9.049E-05  8.768E-05  8.494E-05  8.226E-05  7.963E-05  7.706E-05  7.455E-05  7.210E-05  6.971E-05  6.738E-05
  296.5000  6.603E-04  6.492E-04  6.382E-04  6.273E-04  6.164E-04  6.057E-04  5.950E-04  5.844E-04  5.738E-04  5.634E-04  5.531E-04  5.428E-04  5.326E-04  5.225E-04  5.125E-04  5.026E-04  4.928E-04  4.831E-04  4.735E-04  4.639E-04  4.545E-04  4.452E-04  4.360E-04  4.268E-04  4.178E-04  4.089E-04  4.001E-04  3.914E-04  3.828E-04  3.743E-04  3.659E-04  3.576E-04  3.495E-04  3.414E-04  3.334E-04  3.256E-04  3.179E-04  3.102E-04  3.027E-04  2.953E-04  2.880E-04  2.808E-04  2.737E-04  2.668E-04  2.599E-04  2.532E-04  2.466E-04  2.400E-04  2.336E-04  2.273E-04  2.211E-04  2.151E-04  2.091E-04  2.032E-04  1.975E-04  1.918E-04  1.863E-04  1.809E-04  1.756E-04  1.703E-04  1.652E-04
  297.5000  1.480E-03  1.457E-03  1.435E-03  1.413E-03  1.391E-03  1.359E-03  1.347E-03  1.326E-03  1.304E-03  1.283E-03  1.262E-03  1.241E-03  1.220E-03  1.199E-03  1.178E-03  1.158E-03  1.137E-03  1.117E-03  1.097E-03  1.077E-03  1.058E-03  1.038E-03  1.019E-03  9.998E-04  9.808E-04  9.620E-04  9.433E-04  9.249E-04  9.066E-04  8.885E-04  8.706E-04  8.529E-04  8.354E-04  8.181E-04  8.010E-04  7.840E-04  7.673E-04  7.507E-04  7.344E-04  7.183E-04  7.023E-04  6.866E-04  6.711E-04  6.557E-04  6.406E-04  6.257E-04  6.110E-04  5.965E-04  5.822E-04  5.681E-04  5.542E-04  5.405E-04  5.270E-04  5.138E-04  5.008E-04  4.879E-04  4.753E-04  4.629E-04  4.401E-04  4.386E-04  4.268E-04
  298.5000  2.013E-03  1.985E-03  1.958E-03  1.930E-03  1.903E-03  1.876E-03  1.849E-03  1.822E-03  1.795E-03  1.769E-03  1.742E-03  1.716E-03  1.690E-03  1.664E-03  1.638E-03  1.612E-03  1.586E-03  1.561E-03  1.535E-03  1.510E-03  1.485E-03  1.461E-03  1.436E-03  1.411E-03  1.387E-03  1.363E-03  1.339E-03  1.315E-03  1.292E-03  1.269E-03  1.224E-03  1.223E-03  1.200E-03  1.177E-03  1.155E-03  1.133E-03  1.111E-03  1.089E-03  1.068E-03  1.047E-03  1.026E-03  1.005E-03  9.843E-04  9.640E-04  9.439E-04  9.240E-04  9.044E-04  8.850E-04  8.658E-04  8.469E-04  8.281E-04  8.097E-04  7.915E-04  7.734E-04  7.557E-04  7.382E-04  7.209E-04  7.039E-04  6.871E-04  6.705E-04  6.542E-04
  299.5000  5.085E-03  5.022E-03  4.960E-03  4.897E-03  4.835E-03  4.773E-03  4.711E-03  4.649E-03  4.587E-03  4.526E-03  4.465E-03  4.404E-03  4.343E-03  4.283E-03  4.223E-03  4.163E-03  4.103E-03  4.044E-03  3.985E-03  3.926E-03  3.867E-03  3.809E-03  3.751E-03  3.694E-03  3.636E-03  3.579E-03  3.523E-03  3.467E-03  3.411E-03  3.355E-03  3.300E-03  3.246E-03  3.191E-03  3.137E-03  3.084E-03  3.031E-03  2.978E-03  2.926E-03  2.874E-03  2.822E-03  2.771E-03  2.721E-03  2.671E-03  2.621E-03  2.514E-03  2.523E-03  2.475E-03  2.427E-03  2.380E-03  2.333E-03  2.287E-03  2.241E-03  2.195E-03  2.150E-03  2.106E-03  2.062E-03  2.019E-03  1.976E-03  1.933E-03  1.892E-03  1.850E-03
  300.5000  5.245E-03  5.186E-03  5.127E-03  5.068E-03  5.008E-03  4.949E-03  4.890E-03  4.832E-03  4.708E-03  4.715E-03  4.656E-03  4.598E-03  4.540E-03  4.482E-03  4.424E-03  4.367E-03  4.309E-03  4.252E-03  4.195E-03  4.138E-03  4.082E-03  4.026E-03  3.969E-03  3.914E-03  3.858E-03  3.803E-03  3.748E-03  3.693E-03  3.639E-03  3.584E-03  3.530E-03  3.477E-03  3.424E-03  3.371E-03  3.318E-03  3.266E-03  3.214E-03  3.162E-03  3.111E-03  3.060E-03  3.009E-03  2.959E-03  2.909E-03  2.860E-03  2.810E-03  2.762E-03  2.713E-03  2.665E-03  2.618E-03  2.571E-03  2.524E-03  2.478E-03  2.432E-03  2.386E-03  2.341E-03  2.297E-03  2.252E-03  2.209E-03  2.165E-03  2.122E-03  2.080E-03
  301.5000  1.155E-02  1.144E-02  1.132E-02  1.120E-02  1.108E-02  1.097E-02  1.085E-02  1.073E-02  1.061E-02  1.050E-02  1.038E-02  1.026E-02  1.014E-02  1.003E-02  9.911E-03  9.795E-03  9.679E-03  9.563E-03  9.448E-03  9.333E-03  9.218E-03  9.104E-03  8.989E-03  8.876E-03  8.762E-03  8.649E-03  8.536E-03  8.424E-03  8.312E-03  8.201E-03  8.090E-03  7.979E-03  7.869E-03  7.759E-03  7.650E-03  7.542E-03  7.434E-03  7.326E-03  7.219E-03  7.113E-03  7.007E-03  6.902E-03  6.797E-03  6.693E-03  6.590E-03  6.487E-03  6.385E-03  6.284E-03  6.183E-03  6.083E-03  5.983E-03  5.885E-03  5.787E-03  5.689E-03  5.593E-03  5.497E-03  5.402E-03  5.308E-03  5.214E-03  5.122E-03  5.030E-03
  302.5000  1.543E-02  1.528E-02  1.513E-02  1.499E-02  1.484E-02  1.469E-02  1.455E-02  1.440E-02  1.425E-02  1.411E-02  1.396E-02  1.382E-02  1.367E-02  1.352E-02  1.338E-02  1.323E-02  1.309E-02  1.294E-02  1.280E-02  1.265E-02  1.251E-02  1.236E-02  1.222E-02  1.208E-02  1.193E-02  1.179E-02  1.165E-02  1.151E-02  1.136E-02  1.122E-02  1.108E-02  1.094E-02  1.080E-02  1.066E-02  1.052E-02  1.038E-02  1.025E-02  1.011E-02  9.973E-03  9.837E-03  9.701E-03  9.566E-03  9.431E-03  9.298E-03  9.165E-03  9.032E-03  8.901E-03  8.770E-03  8.639E-03  8.510E-03  8.381E-03  8.253E-03  8.126E-03  7.999E-03  7.874E-03  7.749E-03  7.625E-03  7.502E-03  7.379E-03  7.258E-03  7.138E-03
  303.5000  2.855E-02  2.830E-02  2.805E-02  2.781E-02  2.756E-02  2.731E-02  2.707E-02  2.682E-02  2.657E-02  2.632E-02  2.607E-02  2.583E-02  2.558E-02  2.533E-02  2.508E-02  2.483E-02  2.459E-02  2.434E-02  2.409E-02  2.384E-02  2.360E-02  2.335E-02  2.310E-02  2.286E-02  2.261E-02  2.237E-02  2.212E-02  2.187E-02  2.163E-02  2.138E-02  2.114E-02  2.090E-02  2.066E-02  2.041E-02  2.017E-02  1.993E-02  1.969E-02  1.945E-02  1.921E-02  1.898E-02  1.874E-02  1.850E-02  1.827E-02  1.803E-02  1.780E-02  1.756E-02  1.733E-02  1.710E-02  1.687E-02  1.664E-02  1.641E-02  1.619E-02  1.596E-02  1.574E-02  1.533E-02  1.529E-02  1.507E-02  1.485E-02  1.463E-02  1.441E-02  1.419E-02
  304.5000  3.275E-02  3.249E-02  3.222E-02  3.195E-02  3.169E-02  3.142E-02  3.115E-02  3.088E-02  3.061E-02  3.034E-02  3.007E-02  2.981E-02  2.954E-02  2.927E-02  2.900E-02  2.873E-02  2.846E-02  2.769E-02  2.792E-02  2.765E-02  2.738E-02  2.711E-02  2.684E-02  2.657E-02  2.630E-02  2.603E-02  2.576E-02  2.549E-02  2.522E-02  2.496E-02  2.469E-02  2.442E-02  2.415E-02  2.389E-02  2.362E-02  2.336E-02  2.309E-02  2.283E-02  2.257E-02  2.230E-02  2.204E-02  2.178E-02  2.152E-02  2.126E-02  2.100E-02  2.074E-02  2.048E-02  2.022E-02  1.997E-02  1.966E-02  1.946E-02  1.921E-02  1.895E-02  1.870E-02  1.845E-02  1.820E-02  1.796E-02  1.771E-02  1.746E-02  1.722E-02  1.698E-02
  305.5000  4.611E-02  4.611E-02  4.576E-02  4.542E-02  4.507E-02  4.472E-02  4.438E-02  4.403E-02  4.368E-02  4.333E-02  4.298E-02  4.263E-02  4.228E-02  4.193E-02  4.158E-02  4.123E-02  4.088E-02  4.052E-02  4.017E-02  3.982E-02  3.947E-02  3.888E-02  3.876E-02  3.841E-02  3.805E-02  3.770E-02  3.735E-02  3.699E-02  3.664E-02  3.629E-02  3.593E-02  3.558E-02  3.523E-02  3.488E-02  3.453E-02  3.417E-02  3.382E-02  3.347E-02  3.312E-02  3.277E-02  3.242E-02  3.207E-02  3.173E-02  3.138E-02  3.103E-02  3.069E-02  3.034E-02  3.000E-02  2.965E-02  2.931E-02  2.897E-02  2.863E-02  2.829E-02  2.795E-02  2.761E-02  2.727E-02  2.694E-02  2.660E-02  2.627E-02  2.594E-02  2.560E-02
  306.5000  5.005E-02  4.970E-02  4.934E-02  4.899E-02  4.863E-02  4.827E-02  4.791E-02  4.755E-02  4.719E-02  4.683E-02  4.647E-02  4.611E-02  4.575E-02  4.538E-02  4.502E-02  4.466E-02  4.429E-02  4.393E-02  4.356E-02  4.320E-02  4.283E-02  4.246E-02  4.210E-02  4.173E-02  4.136E-02  4.100E-02  4.063E-02  4.026E-02  3.989E-02  3.953E-02  3.916E-02  3.879E-02  3.843E-02  3.806E-02  3.769E-02  3.732E-02  3.696E-02  3.659E-02  3.623E-02  3.586E-02  3.550E-02  3.513E-02  3.477E-02  3.440E-02  3.404E-02  3.368E-02  3.332E-02  3.295E-02  3.259E-02  3.223E-02  3.187E-02  3.152E-02  3.116E-02  3.080E-02  3.045E-02  3.009E-02  2.974E-02  2.938E-02  2.903E-02  2.868E-02  2.833E-02
  307.5000  7.657E-02  7.608E-02  7.558E-02  7.508E-02  7.459E-02  7.408E-02  7.358E-02  7.308E-02  7.257E-02  7.207E-02  7.156E-02  7.105E-02  7.054E-02  7.003E-02  6.952E-02  6.900E-02  6.849E-02  6.797E-02  6.746E-02  6.694E-02  6.642E-02  6.590E-02  6.539E-02  6.487E-02  6.435E-02  6.382E-02  6.330E-02  6.278E-02  6.226E-02  6.174E-02  6.121E-02  6.069E-02  6.017E-02  5.964E-02  5.912E-02  5.859E-02  5.807E-02  5.755E-02  5.702E-02  5.650E-02  5.598E-02  5.545E-02  5.493E-02  5.441E-02  5.388E-02  5.336E-02  5.284E-02  5.232E-02  5.180E-02  5.128E-02  5.076E-02  5.024E-02  4.972E-02  4.864E-02  4.869E-02  4.817E-02  4.765E-02  4.714E-02  4.663E-02  4.612E-02  4.561E-02
  308.5000  8.775E-02  8.721E-02  8.666E-02  8.611E-02  8.555E-02  8.500E-02  8.445E-02  8.389E-02  8.333E-02  8.277E-02  8.221E-02  8.164E-02  8.108E-02  8.051E-02  7.995E-02  7.938E-02  7.881E-02  7.824E-02  7.767E-02  7.709E-02  7.652E-02  7.594E-02  7.537E-02  7.479E-02  7.421E-02  7.364E-02  7.306E-02  7.248E-02  7.190E-02  7.132E-02  7.073E-02  7.015E-02  6.957E-02  6.898E-02  6.840E-02  6.782E-02  6.724E-02  6.665E-02  6.607E-02  6.548E-02  6.490E-02  6.432E-02  6.373E-02  6.315E-02  6.257E-02  6.198E-02  6.140E-02  6.082E-02  6.023E-02  5.957E-02  5.907E-02  5.849E-02  5.791E-02  5.733E-02  5.675E-02  5.617E-02  5.560E-02  5.502E-02  5.444E-02  5.387E-02  5.330E-02
  309.5000  8.043E-02  7.996E-02  7.949E-02  7.902E-02  7.854E-02  7.807E-02  7.759E-02  7.710E-02  7.663E-02  7.615E-02  7.567E-02  7.518E-02  7.470E-02  7.421E-02  7.372E-02  7.323E-02  7.274E-02  7.225E-02  7.176E-02  7.126E-02  7.077E-02  7.027E-02  6.977E-02  6.927E-02  6.877E-02  6.827E-02  6.777E-02  6.727E-02  6.677E-02  6.626E-02  6.576E-02  6.525E-02  6.475E-02  6.424E-02  6.373E-02  6.323E-02  6.272E-02  6.221E-02  6.170E-02  6.119E-02  6.068E-02  6.018E-02  5.967E-02  5.916E-02  5.865E-02  5.814E-02  5.763E-02  5.712E-02  5.661E-02  5.610E-02  5.559E-02  5.508E-02  5.457E-02  5.406E-02  5.355E-02  5.305E-02  5.254E-02  5.203E-02  5.153E-02  5.102E-02  5.051E-02
  310.5000  1.127E-01  1.120E-01  1.114E-01  1.108E-01  1.101E-01  1.095E-01  1.089E-01  1.082E-01  1.076E-01  1.070E-01  1.063E-01  1.057E-01  1.050E-01  1.044E-01  1.037E-01  1.031E-01  1.024E-01  1.017E-01  1.011E-01  1.004E-01  9.976E-02  9.909E-02  9.843E-02  9.776E-02  9.709E-02  9.642E-02  9.575E-02  9.507E-02  9.440E-02  9.372E-02  9.305E-02  9.238E-02  9.169E-02  9.101E-02  9.033E-02  8.965E-02  8.896E-02  8.828E-02  8.760E-02  8.691E-02  8.623E-02  8.554E-02  8.485E-02  8.417E-02  8.348E-02  8.279E-02  8.211E-02  8.142E-02  8.073E-02  8.004E-02  7.935E-02  7.866E-02  7.797E-02  7.729E-02  7.660E-02  7.591E-02  7.522E-02  7.453E-02  7.385E-02  7.316E-02  7.241E-02
  311.5000  1.477E-01  1.469E-01  1.462E-01  1.454E-01  1.446E-01  1.438E-01  1.429E-01  1.421E-01  1.413E-01  1.405E-01  1.397E-01  1.389E-01  1.381E-01  1.372E-01  1.364E-01  1.356E-01  1.347E-01  1.339E-01  1.331E-01  1.322E-01  1.314E-01  1.305E-01  1.297E-01  1.288E-01  1.280E-01  1.271E-01  1.263E-01  1.254E-01  1.246E-01  1.237E-01  1.228E-01  1.220E-01  1.211E-01  1.203E-01  1.194E-01  1.185E-01  1.176E-01  1.168E-01  1.159E-01  1.150E-01  1.142E-01  1.133E-01  1.124E-01  1.115E-01  1.107E-01  1.098E-01  1.089E-01  1.080E-01  1.071E-01  1.063E-01  1.054E-01  1.045E-01  1.036E-01  1.027E-01  1.018E-01  1.010E-01  1.001E-01  9.920E-02  9.832E-02  9.744E-02  9.656E-02
  312.5000  1.489E-01  1.481E-01  1.474E-01  1.466E-01  1.459E-01  1.451E-01  1.444E-01  1.436E-01  1.428E-01  1.421E-01  1.413E-01  1.405E-01  1.397E-01  1.389E-01  1.382E-01  1.374E-01  1.366E-01  1.358E-01  1.350E-01  1.342E-01  1.334E-01  1.326E-01  1.318E-01  1.310E-01  1.302E-01  1.294E-01  1.286E-01  1.277E-01  1.269E-01  1.261E-01  1.253E-01  1.245E-01  1.236E-01  1.228E-01  1.220E-01  1.212E-01  1.203E-01  1.195E-01  1.187E-01  1.178E-01  1.170E-01  1.161E-01  1.153E-01  1.145E-01  1.136E-01  1.128E-01  1.119E-01  1.111E-01  1.103E-01  1.094E-01  1.086E-01  1.077E-01  1.069E-01  1.060E-01  1.052E-01  1.043E-01  1.035E-01  1.026E-01  1.018E-01  1.009E-01  1.001E-01
  313.5000  1.703E-01  1.695E-01  1.686E-01  1.678E-01  1.669E-01  1.661E-01  1.652E-01  1.644E-01  1.635E-01  1.626E-01  1.618E-01  1.609E-01  1.600E-01  1.591E-01  1.582E-01  1.574E-01  1.565E-01  1.556E-01  1.547E-01  1.538E-01  1.529E-01  1.520E-01  1.511E-01  1.502E-01  1.493E-01  1.483E-01  1.474E-01  1.465E-01  1.456E-01  1.447E-01  1.437E-01  1.428E-01  1.419E-01  1.409E-01  1.400E-01  1.391E-01  1.381E-01  1.372E-01  1.363E-01  1.353E-01  1.344E-01  1.334E-01  1.325E-01  1.315E-01  1.306E-01  1.296E-01  1.287E-01  1.277E-01  1.268E-01  1.258E-01  1.249E-01  1.239E-01  1.230E-01  1.220E-01  1.210E-01  1.201E-01  1.187E-01  1.182E-01  1.172E-01  1.162E-01  1.153E-01
  314.5000  1.749E-01  1.741E-01  1.733E-01  1.725E-01  1.716E-01  1.708E-01  1.700E-01  1.692E-01  1.683E-01  1.675E-01  1.666E-01  1.658E-01  1.649E-01  1.641E-01  1.632E-01  1.624E-01  1.615E-01  1.606E-01  1.598E-01  1.589E-01  1.580E-01  1.571E-01  1.563E-01  1.554E-01  1.545E-01  1.529E-01  1.527E-01  1.518E-01  1.509E-01  1.500E-01  1.491E-01  1.482E-01  1.473E-01  1.464E-01  1.455E-01  1.446E-01  1.437E-01  1.428E-01  1.418E-01  1.409E-01  1.400E-01  1.391E-01  1.381E-01  1.363E-01  1.363E-01  1.354E-01  1.344E-01  1.335E-01  1.326E-01  1.316E-01  1.307E-01  1.298E-01  1.288E-01  1.279E-01  1.269E-01  1.260E-01  1.250E-01  1.241E-01  1.232E-01  1.222E-01  1.213E-01
  315.5000  1.816E-01  1.808E-01  1.800E-01  1.791E-01  1.783E-01  1.774E-01  1.766E-01  1.757E-01  1.749E-01  1.740E-01  1.731E-01  1.723E-01  1.714E-01  1.705E-01  1.696E-01  1.688E-01  1.679E-01  1.670E-01  1.661E-01  1.652E-01  1.643E-01  1.634E-01  1.625E-01  1.616E-01  1.607E-01  1.597E-01  1.588E-01  1.579E-01  1.570E-01  1.561E-01  1.551E-01  1.542E-01  1.533E-01  1.523E-01  1.514E-01  1.505E-01  1.495E-01  1.486E-01  1.476E-01  1.467E-01  1.458E-01  1.448E-01  1.438E-01  1.429E-01  1.419E-01  1.410E-01  1.400E-01  1.391E-01  1.381E-01  1.371E-01  1.362E-01  1.352E-01  1.342E-01  1.333E-01  1.323E-01  1.313E-01  1.304E-01  1.294E-01  1.284E-01  1.274E-01  1.265E-01
  316.5000  1.847E-01  1.839E-01  1.831E-01  1.823E-01  1.815E-01  1.806E-01  1.798E-01  1.790E-01  1.782E-01  1.773E-01  1.765E-01  1.756E-01  1.748E-01  1.739E-01  1.731E-01  1.722E-01  1.714E-01  1.705E-01  1.696E-01  1.688E-01  1.679E-01  1.670E-01  1.662E-01  1.653E-01  1.644E-01  1.635E-01  1.626E-01  1.617E-01  1.608E-01  1.599E-01  1.590E-01  1.581E-01  1.572E-01  1.563E-01  1.554E-01  1.545E-01  1.536E-01  1.526E-01  1.517E-01  1.508E-01  1.499E-01  1.489E-01  1.480E-01  1.471E-01  1.462E-01  1.452E-01  1.443E-01  1.433E-01  1.424E-01  1.415E-01  1.405E-01  1.396E-01  1.386E-01  1.377E-01  1.367E-01  1.358E-01  1.348E-01  1.339E-01  1.329E-01  1.320E-01  1.306E-01
  317.5000  2.615E-01  2.604E-01  2.592E-01  2.581E-01  2.569E-01  2.558E-01  2.546E-01  2.534E-01  2.523E-01  2.511E-01  2.499E-01  2.487E-01  2.475E-01  2.463E-01  2.451E-01  2.439E-01  2.427E-01  2.415E-01  2.402E-01  2.390E-01  2.378E-01  2.365E-01  2.353E-01  2.340E-01  2.328E-01  2.302E-01  2.303E-01  2.290E-01  2.277E-01  2.265E-01  2.252E-01  2.239E-01  2.226E-01  2.214E-01  2.201E-01  2.188E-01  2.175E-01  2.162E-01  2.149E-01  2.136E-01  2.123E-01  2.110E-01  2.096E-01  2.083E-01  2.070E-01  2.057E-01  2.044E-01  2.030E-01  2.017E-01  2.004E-01  1.990E-01  1.977E-01  1.964E-01  1.950E-01  1.937E-01  1.923E-01  1.910E-01  1.897E-01  1.883E-01  1.870E-01  1.856E-01
  318.5000  2.096E-01  2.088E-01  2.079E-01  2.070E-01  2.061E-01  2.052E-01  2.043E-01  2.034E-01  2.025E-01  2.016E-01  2.007E-01  1.998E-01  1.989E-01  1.980E-01  1.971E-01  1.961E-01  1.952E-01  1.943E-01  1.933E-01  1.924E-01  1.915E-01  1.905E-01  1.895E-01  1.886E-01  1.876E-01  1.867E-01  1.857E-01  1.847E-01  1.838E-01  1.828E-01  1.818E-01  1.808E-01  1.798E-01  1.789E-01  1.779E-01  1.766E-01  1.759E-01  1.749E-01  1.739E-01  1.729E-01  1.719E-01  1.709E-01  1.699E-01  1.688E-01  1.678E-01  1.668E-01  1.658E-01  1.648E-01  1.637E-01  1.627E-01  1.617E-01  1.607E-01  1.596E-01  1.586E-01  1.576E-01  1.565E-01  1.555E-01  1.545E-01  1.534E-01  1.521E-01  1.513E-01
  319.5000  2.569E-01  2.558E-01  2.548E-01  2.537E-01  2.526E-01  2.516E-01  2.505E-01  2.494E-01  2.483E-01  2.472E-01  2.461E-01  2.450E-01  2.439E-01  2.428E-01  2.417E-01  2.405E-01  2.394E-01  2.383E-01  2.371E-01  2.360E-01  2.348E-01  2.337E-01  2.325E-01  2.314E-01  2.302E-01  2.290E-01  2.279E-01  2.267E-01  2.255E-01  2.243E-01  2.232E-01  2.220E-01  2.208E-01  2.196E-01  2.184E-01  2.172E-01  2.160E-01  2.147E-01  2.135E-01  2.123E-01  2.111E-01  2.099E-01  2.086E-01  2.074E-01  2.062E-01  2.049E-01  2.037E-01  2.025E-01  2.012E-01  2.000E-01  1.987E-01  1.975E-01  1.962E-01  1.950E-01  1.937E-01  1.924E-01  1.912E-01  1.899E-01  1.886E-01  1.874E-01  1.861E-01
  320.5000  3.142E-01  3.129E-01  3.116E-01  3.103E-01  3.090E-01  3.077E-01  3.064E-01  3.051E-01  3.036E-01  3.025E-01  3.011E-01  2.998E-01  2.985E-01  2.971E-01  2.958E-01  2.944E-01  2.930E-01  2.917E-01  2.903E-01  2.889E-01  2.875E-01  2.861E-01  2.847E-01  2.833E-01  2.819E-01  2.805E-01  2.791E-01  2.777E-01  2.762E-01  2.748E-01  2.734E-01  2.719E-01  2.705E-01  2.691E-01  2.676E-01  2.661E-01  2.647E-01  2.632E-01  2.617E-01  2.603E-01  2.588E-01  2.573E-01  2.558E-01  2.543E-01  2.528E-01  2.513E-01  2.498E-01  2.483E-01  2.468E-01  2.453E-01  2.438E-01  2.423E-01  2.408E-01  2.393E-01  2.377E-01  2.362E-01  2.347E-01  2.332E-01  2.316E-01  2.301E-01  2.286E-01
  321.5000  2.712E-01  2.701E-01  2.691E-01  2.680E-01  2.670E-01  2.659E-01  2.648E-01  2.637E-01  2.626E-01  2.616E-01  2.605E-01  2.594E-01  2.582E-01  2.566E-01  2.560E-01  2.549E-01  2.538E-01  2.526E-01  2.515E-01  2.504E-01  2.492E-01  2.481E-01  2.469E-01  2.458E-01  2.446E-01  2.434E-01  2.423E-01  2.411E-01  2.399E-01  2.387E-01  2.375E-01  2.364E-01  2.352E-01  2.340E-01  2.327E-01  2.315E-01  2.303E-01  2.291E-01  2.279E-01  2.267E-01  2.255E-01  2.242E-01  2.230E-01  2.218E-01  2.205E-01  2.193E-01  2.180E-01  2.168E-01  2.155E-01  2.143E-01  2.130E-01  2.118E-01  2.105E-01  2.093E-01  2.080E-01  2.067E-01  2.055E-01  2.042E-01  2.029E-01  2.016E-01  2.004E-01
  322.5000  2.701E-01  2.690E-01  2.679E-01  2.668E-01  2.657E-01  2.646E-01  2.635E-01  2.624E-01  2.613E-01  2.602E-01  2.590E-01  2.579E-01  2.568E-01  2.556E-01  2.545E-01  2.533E-01  2.522E-01  2.510E-01  2.498E-01  2.487E-01  2.475E-01  2.463E-01  2.451E-01  2.439E-01  2.427E-01  2.415E-01  2.403E-01  2.391E-01  2.379E-01  2.367E-01  2.355E-01  2.342E-01  2.330E-01  2.318E-01  2.306E-01  2.293E-01  2.281E-01  2.268E-01  2.256E-01  2.243E-01  2.231E-01  2.218E-01  2.205E-01  2.193E-01  2.180E-01  2.167E-01  2.155E-01  2.142E-01  2.129E-01  2.116E-01  2.103E-01  2.090E-01  2.077E-01  2.065E-01  2.052E-01  2.039E-01  2.026E-01  2.013E-01  1.998E-01  1.986E-01  1.973E-01
  323.5000  2.836E-01  2.825E-01  2.815E-01  2.804E-01  2.793E-01  2.782E-01  2.771E-01  2.760E-01  2.749E-01  2.738E-01  2.727E-01  2.715E-01  2.704E-01  2.693E-01  2.681E-01  2.670E-01  2.658E-01  2.647E-01  2.635E-01  2.623E-01  2.612E-01  2.600E-01  2.585E-01  2.576E-01  2.564E-01  2.553E-01  2.541E-01  2.526E-01  2.516E-01  2.504E-01  2.492E-01  2.479E-01  2.468E-01  2.455E-01  2.443E-01  2.431E-01  2.418E-01  2.406E-01  2.394E-01  2.381E-01  2.369E-01  2.356E-01  2.343E-01  2.331E-01  2.318E-01  2.305E-01  2.292E-01  2.280E-01  2.266E-01  2.254E-01  2.241E-01  2.228E-01  2.215E-01  2.202E-01  2.190E-01  2.176E-01  2.163E-01  2.150E-01  2.137E-01  2.124E-01  2.111E-01
  324.5000  3.329E-01  3.317E-01  3.304E-01  3.292E-01  3.279E-01  3.266E-01  3.253E-01  3.240E-01  3.227E-01  3.214E-01  3.201E-01  3.187E-01  3.174E-01  3.161E-01  3.147E-01  3.134E-01  3.120E-01  3.107E-01  3.093E-01  3.080E-01  3.061E-01  3.052E-01  3.038E-01  3.024E-01  3.010E-01  2.996E-01  2.982E-01  2.968E-01  2.954E-01  2.940E-01  2.925E-01  2.911E-01  2.897E-01  2.882E-01  2.868E-01  2.853E-01  2.839E-01  2.824E-01  2.809E-01  2.795E-01  2.780E-01  2.765E-01  2.750E-01  2.736E-01  2.721E-01  2.706E-01  2.691E-01  2.676E-01  2.661E-01  2.646E-01  2.631E-01  2.615E-01  2.600E-01  2.585E-01  2.570E-01  2.554E-01  2.539E-01  2.524E-01  2.508E-01  2.493E-01  2.478E-01
  325.5000  3.727E-01  3.713E-01  3.698E-01  3.684E-01  3.670E-01  3.655E-01  3.641E-01  3.626E-01  3.612E-01  3.597E-01  3.582E-01  3.567E-01  3.552E-01  3.537E-01  3.522E-01  3.507E-01  3.492E-01  3.476E-01  3.461E-01  3.446E-01  3.430E-01  3.415E-01  3.399E-01  3.383E-01  3.368E-01  3.352E-01  3.336E-01  3.320E-01  3.304E-01  3.288E-01  3.272E-01  3.256E-01  3.240E-01  3.223E-01  3.207E-01  3.191E-01  3.174E-01  3.158E-01  3.141E-01  3.125E-01  3.108E-01  3.092E-01  3.072E-01  3.058E-01  3.041E-01  3.025E-01  3.008E-01  2.991E-01  2.974E-01  2.957E-01  2.940E-01  2.923E-01  2.906E-01  2.889E-01  2.872E-01  2.854E-01  2.837E-01  2.820E-01  2.801E-01  2.785E-01  2.767E-01
  326.5000  4.566E-01  4.549E-01  4.532E-01  4.514E-01  4.499E-01  4.482E-01  4.465E-01  4.447E-01  4.430E-01  4.413E-01  4.395E-01  4.378E-01  4.360E-01  4.342E-01  4.325E-01  4.307E-01  4.289E-01  4.271E-01  4.253E-01  4.235E-01  4.216E-01  4.198E-01  4.180E-01  4.161E-01  4.143E-01  4.124E-01  4.105E-01  4.087E-01  4.068E-01  4.049E-01  4.030E-01  4.011E-01  3.992E-01  3.973E-01  3.953E-01  3.934E-01  3.915E-01  3.895E-01  3.876E-01  3.856E-01  3.837E-01  3.817E-01  3.797E-01  3.778E-01  3.758E-01  3.738E-01  3.718E-01  3.698E-01  3.678E-01  3.658E-01  3.638E-01  3.617E-01  3.597E-01  3.577E-01  3.557E-01  3.536E-01  3.516E-01  3.495E-01  3.475E-01  3.454E-01  3.434E-01
  327.5000  4.241E-01  4.225E-01  4.209E-01  4.192E-01  4.178E-01  4.162E-01  4.146E-01  4.129E-01  4.114E-01  4.097E-01  4.081E-01  4.064E-01  4.048E-01  4.031E-01  4.014E-01  3.998E-01  3.981E-01  3.964E-01  3.947E-01  3.930E-01  3.912E-01  3.895E-01  3.878E-01  3.861E-01  3.843E-01  3.825E-01  3.809E-01  3.791E-01  3.773E-01  3.755E-01  3.738E-01  3.720E-01  3.702E-01  3.684E-01  3.666E-01  3.648E-01  3.629E-01  3.611E-01  3.593E-01  3.575E-01  3.556E-01  3.538E-01  3.519E-01  3.501E-01  3.482E-01  3.463E-01  3.445E-01  3.426E-01  3.407E-01  3.388E-01  3.369E-01  3.350E-01  3.331E-01  3.312E-01  3.293E-01  3.274E-01  3.255E-01  3.236E-01  3.217E-01  3.197E-01  3.178E-01
  328.5000  3.920E-01  3.905E-01  3.891E-01  3.876E-01  3.862E-01  3.847E-01  3.832E-01  3.817E-01  3.802E-01  3.787E-01  3.772E-01  3.757E-01  3.741E-01  3.726E-01  3.711E-01  3.694E-01  3.680E-01  3.664E-01  3.648E-01  3.633E-01  3.617E-01  3.601E-01  3.585E-01  3.569E-01  3.553E-01  3.537E-01  3.521E-01  3.504E-01  3.488E-01  3.472E-01  3.455E-01  3.439E-01  3.422E-01  3.406E-01  3.389E-01  3.372E-01  3.356E-01  3.339E-01  3.322E-01  3.305E-01  3.288E-01  3.271E-01  3.254E-01  3.237E-01  3.220E-01  3.202E-01  3.185E-01  3.168E-01  3.150E-01  3.133E-01  3.116E-01  3.098E-01  3.081E-01  3.063E-01  3.045E-01  3.028E-01  3.010E-01  2.992E-01  2.975E-01  2.957E-01  2.939E-01
  329.5000  5.124E-01  5.106E-01  5.088E-01  5.069E-01  5.050E-01  5.032E-01  5.013E-01  4.994E-01  4.975E-01  4.956E-01  4.937E-01  4.918E-01  4.898E-01  4.879E-01  4.859E-01  4.840E-01  4.820E-01  4.800E-01  4.780E-01  4.760E-01  4.740E-01  4.720E-01  4.700E-01  4.680E-01  4.659E-01  4.639E-01  4.618E-01  4.598E-01  4.577E-01  4.556E-01  4.535E-01  4.514E-01  4.493E-01  4.472E-01  4.451E-01  4.430E-01  4.408E-01  4.387E-01  4.366E-01  4.344E-01  4.322E-01  4.301E-01  4.279E-01  4.257E-01  4.236E-01  4.214E-01  4.192E-01  4.170E-01  4.148E-01  4.125E-01  4.103E-01  4.081E-01  4.059E-01  4.036E-01  4.014E-01  3.991E-01  3.969E-01  3.946E-01  3.924E-01  3.901E-01  3.878E-01
  330.5000  4.648E-01  4.631E-01  4.615E-01  4.598E-01  4.581E-01  4.564E-01  4.546E-01  4.529E-01  4.512E-01  4.494E-01  4.477E-01  4.459E-01  4.441E-01  4.423E-01  4.406E-01  4.388E-01  4.369E-01  4.351E-01  4.333E-01  4.315E-01  4.296E-01  4.278E-01  4.259E-01  4.241E-01  4.222E-01  4.203E-01  4.184E-01  4.166E-01  4.147E-01  4.127E-01  4.108E-01  4.089E-01  4.070E-01  4.051E-01  4.031E-01  4.012E-01  3.992E-01  3.973E-01  3.953E-01  3.933E-01  3.913E-01  3.894E-01  3.874E-01  3.854E-01  3.834E-01  3.814E-01  3.794E-01  3.773E-01  3.753E-01  3.733E-01  3.712E-01  3.692E-01  3.672E-01  3.651E-01  3.631E-01  3.610E-01  3.589E-01  3.569E-01  3.548E-01  3.527E-01  3.507E-01
  331.5000  4.595E-01  4.578E-01  4.562E-01  4.545E-01  4.528E-01  4.511E-01  4.494E-01  4.476E-01  4.459E-01  4.442E-01  4.424E-01  4.407E-01  4.390E-01  4.372E-01  4.354E-01  4.336E-01  4.319E-01  4.301E-01  4.283E-01  4.264E-01  4.246E-01  4.228E-01  4.210E-01  4.191E-01  4.173E-01  4.154E-01  4.135E-01  4.117E-01  4.098E-01  4.079E-01  4.060E-01  4.041E-01  4.022E-01  4.003E-01  3.984E-01  3.965E-01  3.945E-01  3.926E-01  3.906E-01  3.887E-01  3.867E-01  3.848E-01  3.828E-01  3.808E-01  3.788E-01  3.769E-01  3.749E-01  3.729E-01  3.709E-01  3.689E-01  3.668E-01  3.648E-01  3.628E-01  3.608E-01  3.587E-01  3.567E-01  3.547E-01  3.526E-01  3.506E-01  3.485E-01  3.465E-01
  332.5000  4.551E-01  4.535E-01  4.519E-01  4.503E-01  4.487E-01  4.470E-01  4.454E-01  4.437E-01  4.421E-01  4.404E-01  4.387E-01  4.370E-01  4.353E-01  4.336E-01  4.319E-01  4.302E-01  4.284E-01  4.267E-01  4.249E-01  4.232E-01  4.214E-01  4.196E-01  4.179E-01  4.161E-01  4.143E-01  4.125E-01  4.107E-01  4.089E-01  4.070E-01  4.052E-01  4.034E-01  4.015E-01  3.997E-01  3.978E-01  3.960E-01  3.941E-01  3.922E-01  3.903E-01  3.885E-01  3.866E-01  3.847E-01  3.828E-01  3.809E-01  3.789E-01  3.770E-01  3.751E-01  3.732E-01  3.712E-01  3.693E-01  3.673E-01  3.654E-01  3.634E-01  3.614E-01  3.595E-01  3.575E-01  3.555E-01  3.535E-01  3.516E-01  3.496E-01  3.476E-01  3.456E-01
  333.5000  4.271E-01  4.256E-01  4.241E-01  4.225E-01  4.210E-01  4.194E-01  4.179E-01  4.163E-01  4.147E-01  4.131E-01  4.115E-01  4.099E-01  4.083E-01  4.067E-01  4.051E-01  4.035E-01  4.018E-01  4.002E-01  3.985E-01  3.969E-01  3.952E-01  3.935E-01  3.918E-01  3.902E-01  3.885E-01  3.868E-01  3.851E-01  3.833E-01  3.816E-01  3.799E-01  3.781E-01  3.764E-01  3.747E-01  3.729E-01  3.711E-01  3.694E-01  3.676E-01  3.658E-01  3.640E-01  3.623E-01  3.605E-01  3.587E-01  3.569E-01  3.550E-01  3.532E-01  3.514E-01  3.496E-01  3.477E-01  3.459E-01  3.441E-01  3.422E-01  3.404E-01  3.385E-01  3.366E-01  3.348E-01  3.329E-01  3.310E-01  3.292E-01  3.273E-01  3.254E-01  3.235E-01
  334.5000  4.781E-01  4.764E-01  4.747E-01  4.730E-01  4.713E-01  4.695E-01  4.678E-01  4.661E-01  4.643E-01  4.626E-01  4.608E-01  4.590E-01  4.572E-01  4.554E-01  4.536E-01  4.518E-01  4.500E-01  4.481E-01  4.463E-01  4.445E-01  4.426E-01  4.407E-01  4.389E-01  4.370E-01  4.351E-01  4.332E-01  4.313E-01  4.294E-01  4.275E-01  4.256E-01  4.236E-01  4.217E-01  4.197E-01  4.178E-01  4.158E-01  4.139E-01  4.119E-01  4.099E-01  4.079E-01  4.059E-01  4.039E-01  4.019E-01  3.999E-01  3.979E-01  3.959E-01  3.938E-01  3.918E-01  3.898E-01  3.877E-01  3.857E-01  3.836E-01  3.816E-01  3.795E-01  3.774E-01  3.753E-01  3.733E-01  3.712E-01  3.691E-01  3.670E-01  3.649E-01  3.628E-01
  335.5000  4.861E-01  4.844E-01  4.827E-01  4.810E-01  4.792E-01  4.775E-01  4.758E-01  4.740E-01  4.722E-01  4.705E-01  4.687E-01  4.669E-01  4.651E-01  4.633E-01  4.615E-01  4.597E-01  4.578E-01  4.560E-01  4.541E-01  4.523E-01  4.504E-01  4.485E-01  4.467E-01  4.448E-01  4.429E-01  4.410E-01  4.391E-01  4.371E-01  4.352E-01  4.333E-01  4.313E-01  4.294E-01  4.274E-01  4.255E-01  4.235E-01  4.215E-01  4.195E-01  4.175E-01  4.155E-01  4.135E-01  4.115E-01  4.095E-01  4.075E-01  4.055E-01  4.034E-01  4.014E-01  3.993E-01  3.973E-01  3.952E-01  3.932E-01  3.911E-01  3.890E-01  3.869E-01  3.848E-01  3.828E-01  3.807E-01  3.786E-01  3.765E-01  3.743E-01  3.722E-01  3.701E-01
  336.5000  3.800E-01  3.787E-01  3.774E-01  3.760E-01  3.747E-01  3.733E-01  3.720E-01  3.706E-01  3.692E-01  3.678E-01  3.664E-01  3.650E-01  3.636E-01  3.622E-01  3.608E-01  3.593E-01  3.579E-01  3.565E-01  3.550E-01  3.536E-01  3.521E-01  3.506E-01  3.492E-01  3.477E-01  3.462E-01  3.447E-01  3.432E-01  3.417E-01  3.402E-01  3.387E-01  3.372E-01  3.356E-01  3.341E-01  3.326E-01  3.310E-01  3.295E-01  3.279E-01  3.264E-01  3.248E-01  3.232E-01  3.217E-01  3.201E-01  3.185E-01  3.169E-01  3.153E-01  3.137E-01  3.121E-01  3.105E-01  3.089E-01  3.073E-01  3.057E-01  3.040E-01  3.024E-01  3.008E-01  2.991E-01  2.975E-01  2.958E-01  2.942E-01  2.925E-01  2.909E-01  2.892E-01
  337.5000  4.168E-01  4.153E-01  4.139E-01  4.124E-01  4.109E-01  4.094E-01  4.079E-01  4.064E-01  4.049E-01  4.033E-01  4.018E-01  4.002E-01  3.987E-01  3.971E-01  3.956E-01  3.940E-01  3.924E-01  3.908E-01  3.892E-01  3.876E-01  3.860E-01  3.844E-01  3.828E-01  3.811E-01  3.795E-01  3.778E-01  3.762E-01  3.745E-01  3.729E-01  3.712E-01  3.695E-01  3.678E-01  3.662E-01  3.645E-01  3.628E-01  3.610E-01  3.593E-01  3.576E-01  3.559E-01  3.542E-01  3.524E-01  3.507E-01  3.489E-01  3.472E-01  3.454E-01  3.437E-01  3.419E-01  3.401E-01  3.383E-01  3.366E-01  3.348E-01  3.330E-01  3.312E-01  3.294E-01  3.276E-01  3.258E-01  3.239E-01  3.221E-01  3.203E-01  3.185E-01  3.166E-01
  338.5000  4.413E-01  4.398E-01  4.382E-01  4.367E-01  4.351E-01  4.335E-01  4.320E-01  4.304E-01  4.288E-01  4.272E-01  4.256E-01  4.240E-01  4.223E-01  4.207E-01  4.191E-01  4.174E-01  4.158E-01  4.141E-01  4.124E-01  4.107E-01  4.091E-01  4.074E-01  4.057E-01  4.040E-01  4.022E-01  4.005E-01  3.988E-01  3.971E-01  3.953E-01  3.936E-01  3.918E-01  3.901E-01  3.883E-01  3.865E-01  3.847E-01  3.829E-01  3.811E-01  3.793E-01  3.775E-01  3.757E-01  3.739E-01  3.721E-01  3.703E-01  3.684E-01  3.666E-01  3.647E-01  3.629E-01  3.610E-01  3.592E-01  3.573E-01  3.554E-01  3.535E-01  3.517E-01  3.498E-01  3.479E-01  3.460E-01  3.441E-01  3.422E-01  3.403E-01  3.384E-01  3.364E-01
  339.5000  4.802E-01  4.785E-01  4.769E-01  4.752E-01  4.735E-01  4.718E-01  4.701E-01  4.684E-01  4.666E-01  4.649E-01  4.632E-01  4.614E-01  4.596E-01  4.579E-01  4.561E-01  4.543E-01  4.525E-01  4.507E-01  4.489E-01  4.471E-01  4.452E-01  4.434E-01  4.416E-01  4.397E-01  4.378E-01  4.360E-01  4.341E-01  4.322E-01  4.303E-01  4.284E-01  4.265E-01  4.246E-01  4.227E-01  4.208E-01  4.188E-01  4.169E-01  4.149E-01  4.130E-01  4.110E-01  4.091E-01  4.071E-01  4.051E-01  4.031E-01  4.011E-01  3.991E-01  3.971E-01  3.951E-01  3.931E-01  3.911E-01  3.890E-01  3.870E-01  3.850E-01  3.829E-01  3.809E-01  3.788E-01  3.768E-01  3.747E-01  3.726E-01  3.706E-01  3.685E-01  3.664E-01
  340.5000  5.133E-01  5.115E-01  5.097E-01  5.079E-01  5.061E-01  5.043E-01  5.025E-01  5.006E-01  4.988E-01  4.969E-01  4.950E-01  4.932E-01  4.913E-01  4.894E-01  4.875E-01  4.856E-01  4.836E-01  4.817E-01  4.798E-01  4.778E-01  4.758E-01  4.739E-01  4.719E-01  4.699E-01  4.679E-01  4.659E-01  4.639E-01  4.619E-01  4.599E-01  4.578E-01  4.558E-01  4.537E-01  4.517E-01  4.496E-01  4.475E-01  4.455E-01  4.434E-01  4.413E-01  4.392E-01  4.371E-01  4.350E-01  4.328E-01  4.307E-01  4.286E-01  4.264E-01  4.243E-01  4.221E-01  4.200E-01  4.178E-01  4.156E-01  4.134E-01  4.113E-01  4.091E-01  4.069E-01  4.047E-01  4.025E-01  4.003E-01  3.980E-01  3.958E-01  3.936E-01  3.913E-01
  341.5000  4.567E-01  4.552E-01  4.536E-01  4.520E-01  4.504E-01  4.488E-01  4.472E-01  4.455E-01  4.439E-01  4.422E-01  4.406E-01  4.389E-01  4.373E-01  4.356E-01  4.339E-01  4.322E-01  4.305E-01  4.288E-01  4.271E-01  4.254E-01  4.236E-01  4.219E-01  4.201E-01  4.184E-01  4.166E-01  4.149E-01  4.131E-01  4.113E-01  4.095E-01  4.077E-01  4.059E-01  4.041E-01  4.023E-01  4.004E-01  3.986E-01  3.968E-01  3.949E-01  3.931E-01  3.912E-01  3.894E-01  3.875E-01  3.856E-01  3.837E-01  3.818E-01  3.799E-01  3.780E-01  3.761E-01  3.742E-01  3.723E-01  3.704E-01  3.685E-01  3.665E-01  3.646E-01  3.626E-01  3.607E-01  3.587E-01  3.568E-01  3.548E-01  3.529E-01  3.509E-01  3.489E-01
  342.5000  5.064E-01  5.047E-01  5.029E-01  5.012E-01  4.994E-01  4.976E-01  4.958E-01  4.940E-01  4.922E-01  4.904E-01  4.886E-01  4.867E-01  4.849E-01  4.830E-01  4.812E-01  4.793E-01  4.774E-01  4.755E-01  4.736E-01  4.717E-01  4.698E-01  4.679E-01  4.659E-01  4.640E-01  4.620E-01  4.601E-01  4.581E-01  4.561E-01  4.542E-01  4.522E-01  4.502E-01  4.482E-01  4.462E-01  4.441E-01  4.421E-01  4.401E-01  4.380E-01  4.360E-01  4.339E-01  4.319E-01  4.298E-01  4.277E-01  4.256E-01  4.236E-01  4.215E-01  4.194E-01  4.173E-01  4.151E-01  4.130E-01  4.109E-01  4.088E-01  4.066E-01  4.045E-01  4.023E-01  4.002E-01  3.980E-01  3.958E-01  3.937E-01  3.915E-01  3.893E-01  3.871E-01
  343.5000  5.262E-01  5.244E-01  5.225E-01  5.207E-01  5.189E-01  5.170E-01  5.151E-01  5.133E-01  5.114E-01  5.095E-01  5.076E-01  5.057E-01  5.038E-01  5.018E-01  4.999E-01  4.980E-01  4.960E-01  4.940E-01  4.921E-01  4.901E-01  4.881E-01  4.861E-01  4.841E-01  4.821E-01  4.800E-01  4.780E-01  4.760E-01  4.739E-01  4.718E-01  4.698E-01  4.677E-01  4.656E-01  4.635E-01  4.614E-01  4.593E-01  4.572E-01  4.551E-01  4.530E-01  4.508E-01  4.487E-01  4.465E-01  4.444E-01  4.422E-01  4.400E-01  4.378E-01  4.357E-01  4.335E-01  4.313E-01  4.291E-01  4.269E-01  4.246E-01  4.224E-01  4.202E-01  4.179E-01  4.157E-01  4.135E-01  4.112E-01  4.089E-01  4.067E-01  4.044E-01  4.021E-01
  344.5000  3.689E-01  3.676E-01  3.663E-01  3.650E-01  3.637E-01  3.624E-01  3.611E-01  3.598E-01  3.585E-01  3.572E-01  3.559E-01  3.545E-01  3.532E-01  3.518E-01  3.505E-01  3.491E-01  3.477E-01  3.463E-01  3.449E-01  3.436E-01  3.422E-01  3.408E-01  3.393E-01  3.379E-01  3.365E-01  3.351E-01  3.336E-01  3.322E-01  3.308E-01  3.293E-01  3.279E-01  3.264E-01  3.249E-01  3.235E-01  3.220E-01  3.205E-01  3.190E-01  3.175E-01  3.160E-01  3.145E-01  3.130E-01  3.115E-01  3.100E-01  3.084E-01  3.069E-01  3.054E-01  3.038E-01  3.023E-01  3.007E-01  2.992E-01  2.976E-01  2.961E-01  2.945E-01  2.929E-01  2.914E-01  2.898E-01  2.882E-01  2.866E-01  2.850E-01  2.834E-01  2.819E-01
  345.5000  5.062E-01  5.045E-01  5.028E-01  5.010E-01  4.992E-01  4.975E-01  4.957E-01  4.939E-01  4.921E-01  4.903E-01  4.885E-01  4.867E-01  4.848E-01  4.830E-01  4.811E-01  4.793E-01  4.774E-01  4.755E-01  4.736E-01  4.717E-01  4.698E-01  4.679E-01  4.660E-01  4.641E-01  4.621E-01  4.602E-01  4.582E-01  4.563E-01  4.543E-01  4.523E-01  4.503E-01  4.483E-01  4.463E-01  4.443E-01  4.423E-01  4.403E-01  4.382E-01  4.362E-01  4.342E-01  4.321E-01  4.300E-01  4.280E-01  4.259E-01  4.238E-01  4.217E-01  4.197E-01  4.176E-01  4.154E-01  4.133E-01  4.112E-01  4.091E-01  4.070E-01  4.048E-01  4.027E-01  4.005E-01  3.984E-01  3.962E-01  3.941E-01  3.919E-01  3.897E-01  3.876E-01
  346.5000  4.735E-01  4.719E-01  4.703E-01  4.686E-01  4.670E-01  4.653E-01  4.637E-01  4.620E-01  4.603E-01  4.586E-01  4.569E-01  4.552E-01  4.535E-01  4.517E-01  4.500E-01  4.483E-01  4.465E-01  4.447E-01  4.430E-01  4.412E-01  4.394E-01  4.376E-01  4.358E-01  4.340E-01  4.322E-01  4.304E-01  4.285E-01  4.267E-01  4.248E-01  4.230E-01  4.211E-01  4.193E-01  4.174E-01  4.155E-01  4.136E-01  4.117E-01  4.098E-01  4.079E-01  4.060E-01  4.041E-01  4.021E-01  4.002E-01  3.983E-01  3.963E-01  3.944E-01  3.924E-01  3.904E-01  3.884E-01  3.865E-01  3.845E-01  3.825E-01  3.805E-01  3.785E-01  3.765E-01  3.745E-01  3.725E-01  3.704E-01  3.684E-01  3.664E-01  3.643E-01  3.623E-01
  347.5000  4.630E-01  4.614E-01  4.598E-01  4.582E-01  4.566E-01  4.550E-01  4.533E-01  4.517E-01  4.501E-01  4.484E-01  4.467E-01  4.451E-01  4.434E-01  4.417E-01  4.400E-01  4.383E-01  4.366E-01  4.349E-01  4.332E-01  4.314E-01  4.297E-01  4.279E-01  4.262E-01  4.244E-01  4.226E-01  4.208E-01  4.191E-01  4.173E-01  4.155E-01  4.136E-01  4.118E-01  4.100E-01  4.082E-01  4.063E-01  4.045E-01  4.026E-01  4.008E-01  3.989E-01  3.970E-01  3.952E-01  3.933E-01  3.914E-01  3.895E-01  3.876E-01  3.857E-01  3.838E-01  3.819E-01  3.799E-01  3.780E-01  3.761E-01  3.741E-01  3.722E-01  3.702E-01  3.683E-01  3.663E-01  3.643E-01  3.623E-01  3.604E-01  3.584E-01  3.564E-01  3.544E-01
  348.5000  5.092E-01  5.075E-01  5.057E-01  5.040E-01  5.022E-01  5.004E-01  4.986E-01  4.969E-01  4.950E-01  4.932E-01  4.914E-01  4.896E-01  4.877E-01  4.859E-01  4.840E-01  4.822E-01  4.803E-01  4.784E-01  4.765E-01  4.746E-01  4.727E-01  4.708E-01  4.688E-01  4.669E-01  4.650E-01  4.630E-01  4.610E-01  4.591E-01  4.571E-01  4.551E-01  4.531E-01  4.511E-01  4.491E-01  4.471E-01  4.451E-01  4.430E-01  4.410E-01  4.389E-01  4.369E-01  4.348E-01  4.328E-01  4.307E-01  4.286E-01  4.265E-01  4.244E-01  4.223E-01  4.202E-01  4.181E-01  4.160E-01  4.138E-01  4.117E-01  4.096E-01  4.074E-01  4.053E-01  4.031E-01  4.010E-01  3.988E-01  3.966E-01  3.944E-01  3.923E-01  3.901E-01
  349.5000  4.270E-01  4.255E-01  4.240E-01  4.226E-01  4.211E-01  4.196E-01  4.181E-01  4.166E-01  4.151E-01  4.136E-01  4.121E-01  4.105E-01  4.090E-01  4.074E-01  4.059E-01  4.043E-01  4.027E-01  4.012E-01  3.996E-01  3.980E-01  3.964E-01  3.948E-01  3.931E-01  3.915E-01  3.899E-01  3.883E-01  3.866E-01  3.850E-01  3.833E-01  3.816E-01  3.800E-01  3.783E-01  3.766E-01  3.749E-01  3.732E-01  3.715E-01  3.698E-01  3.681E-01  3.664E-01  3.647E-01  3.629E-01  3.612E-01  3.594E-01  3.577E-01  3.559E-01  3.542E-01  3.524E-01  3.506E-01  3.489E-01  3.471E-01  3.453E-01  3.435E-01  3.417E-01  3.399E-01  3.381E-01  3.363E-01  3.345E-01  3.327E-01  3.308E-01  3.290E-01  3.272E-01
  350.5000  5.981E-01  5.961E-01  5.941E-01  5.920E-01  5.899E-01  5.879E-01  5.858E-01  5.837E-01  5.816E-01  5.794E-01  5.773E-01  5.752E-01  5.730E-01  5.708E-01  5.686E-01  5.665E-01  5.643E-01  5.620E-01  5.598E-01  5.576E-01  5.554E-01  5.531E-01  5.508E-01  5.486E-01  5.463E-01  5.440E-01  5.417E-01  5.394E-01  5.371E-01  5.348E-01  5.324E-01  5.301E-01  5.277E-01  5.254E-01  5.230E-01  5.206E-01  5.182E-01  5.158E-01  5.134E-01  5.110E-01  5.086E-01  5.061E-01  5.037E-01  5.013E-01  4.988E-01  4.963E-01  4.939E-01  4.914E-01  4.889E-01  4.864E-01  4.839E-01  4.814E-01  4.789E-01  4.764E-01  4.738E-01  4.713E-01  4.688E-01  4.662E-01  4.637E-01  4.611E-01  4.585E-01
  351.5000  5.158E-01  5.140E-01  5.122E-01  5.105E-01  5.087E-01  5.069E-01  5.051E-01  5.033E-01  5.015E-01  4.996E-01  4.978E-01  4.959E-01  4.941E-01  4.922E-01  4.903E-01  4.885E-01  4.866E-01  4.847E-01  4.827E-01  4.808E-01  4.789E-01  4.770E-01  4.750E-01  4.731E-01  4.711E-01  4.691E-01  4.671E-01  4.652E-01  4.632E-01  4.611E-01  4.591E-01  4.571E-01  4.551E-01  4.530E-01  4.510E-01  4.490E-01  4.469E-01  4.448E-01  4.428E-01  4.407E-01  4.386E-01  4.365E-01  4.344E-01  4.323E-01  4.302E-01  4.280E-01  4.259E-01  4.238E-01  4.216E-01  4.195E-01  4.173E-01  4.152E-01  4.130E-01  4.108E-01  4.087E-01  4.065E-01  4.043E-01  4.021E-01  3.999E-01  3.977E-01  3.955E-01
  352.5000  4.654E-01  4.638E-01  4.622E-01  4.607E-01  4.590E-01  4.574E-01  4.558E-01  4.542E-01  4.525E-01  4.509E-01  4.492E-01  4.476E-01  4.459E-01  4.442E-01  4.425E-01  4.408E-01  4.391E-01  4.374E-01  4.357E-01  4.339E-01  4.322E-01  4.305E-01  4.287E-01  4.269E-01  4.252E-01  4.234E-01  4.216E-01  4.198E-01  4.180E-01  4.162E-01  4.144E-01  4.126E-01  4.108E-01  4.089E-01  4.071E-01  4.052E-01  4.034E-01  4.015E-01  3.996E-01  3.978E-01  3.959E-01  3.940E-01  3.921E-01  3.902E-01  3.883E-01  3.864E-01  3.845E-01  3.825E-01  3.806E-01  3.787E-01  3.767E-01  3.748E-01  3.728E-01  3.709E-01  3.689E-01  3.669E-01  3.650E-01  3.630E-01  3.610E-01  3.590E-01  3.570E-01
  353.5000  5.606E-01  5.587E-01  5.568E-01  5.549E-01  5.529E-01  5.510E-01  5.490E-01  5.471E-01  5.451E-01  5.431E-01  5.411E-01  5.391E-01  5.371E-01  5.351E-01  5.331E-01  5.310E-01  5.290E-01  5.269E-01  5.248E-01  5.228E-01  5.207E-01  5.186E-01  5.165E-01  5.143E-01  5.122E-01  5.101E-01  5.079E-01  5.058E-01  5.036E-01  5.014E-01  4.993E-01  4.971E-01  4.949E-01  4.927E-01  4.905E-01  4.882E-01  4.860E-01  4.838E-01  4.815E-01  4.793E-01  4.770E-01  4.747E-01  4.725E-01  4.702E-01  4.679E-01  4.656E-01  4.633E-01  4.610E-01  4.586E-01  4.563E-01  4.540E-01  4.516E-01  4.493E-01  4.469E-01  4.446E-01  4.422E-01  4.398E-01  4.374E-01  4.351E-01  4.327E-01  4.303E-01
  354.5000  6.071E-01  6.050E-01  6.030E-01  6.009E-01  5.988E-01  5.967E-01  5.946E-01  5.925E-01  5.903E-01  5.882E-01  5.860E-01  5.839E-01  5.817E-01  5.795E-01  5.773E-01  5.751E-01  5.729E-01  5.707E-01  5.684E-01  5.662E-01  5.639E-01  5.616E-01  5.594E-01  5.571E-01  5.548E-01  5.525E-01  5.502E-01  5.478E-01  5.455E-01  5.431E-01  5.408E-01  5.384E-01  5.360E-01  5.336E-01  5.313E-01  5.288E-01  5.264E-01  5.240E-01  5.216E-01  5.191E-01  5.167E-01  5.142E-01  5.118E-01  5.093E-01  5.068E-01  5.043E-01  5.019E-01  4.994E-01  4.968E-01  4.943E-01  4.918E-01  4.893E-01  4.867E-01  4.842E-01  4.816E-01  4.791E-01  4.765E-01  4.739E-01  4.713E-01  4.688E-01  4.662E-01
  355.5000  5.676E-01  5.657E-01  5.638E-01  5.618E-01  5.599E-01  5.579E-01  5.560E-01  5.540E-01  5.520E-01  5.500E-01  5.480E-01  5.460E-01  5.439E-01  5.419E-01  5.398E-01  5.378E-01  5.357E-01  5.336E-01  5.315E-01  5.294E-01  5.273E-01  5.252E-01  5.231E-01  5.209E-01  5.188E-01  5.166E-01  5.145E-01  5.123E-01  5.101E-01  5.079E-01  5.057E-01  5.035E-01  5.013E-01  4.991E-01  4.968E-01  4.946E-01  4.923E-01  4.901E-01  4.878E-01  4.855E-01  4.832E-01  4.809E-01  4.786E-01  4.763E-01  4.740E-01  4.717E-01  4.694E-01  4.670E-01  4.647E-01  4.623E-01  4.600E-01  4.576E-01  4.552E-01  4.529E-01  4.505E-01  4.481E-01  4.457E-01  4.433E-01  4.409E-01  4.384E-01  4.360E-01
  356.5000  5.270E-01  5.252E-01  5.234E-01  5.217E-01  5.198E-01  5.180E-01  5.162E-01  5.144E-01  5.125E-01  5.107E-01  5.088E-01  5.069E-01  5.051E-01  5.032E-01  5.013E-01  4.993E-01  4.974E-01  4.955E-01  4.936E-01  4.916E-01  4.897E-01  4.877E-01  4.857E-01  4.837E-01  4.817E-01  4.797E-01  4.777E-01  4.757E-01  4.737E-01  4.717E-01  4.696E-01  4.676E-01  4.655E-01  4.634E-01  4.614E-01  4.593E-01  4.572E-01  4.551E-01  4.530E-01  4.509E-01  4.488E-01  4.466E-01  4.445E-01  4.424E-01  4.402E-01  4.381E-01  4.359E-01  4.337E-01  4.316E-01  4.294E-01  4.272E-01  4.250E-01  4.228E-01  4.206E-01  4.184E-01  4.162E-01  4.139E-01  4.117E-01  4.095E-01  4.072E-01  4.050E-01
  357.5000  4.484E-01  4.468E-01  4.453E-01  4.438E-01  4.423E-01  4.407E-01  4.392E-01  4.376E-01  4.360E-01  4.345E-01  4.329E-01  4.313E-01  4.297E-01  4.281E-01  4.265E-01  4.248E-01  4.232E-01  4.216E-01  4.199E-01  4.183E-01  4.166E-01  4.149E-01  4.133E-01  4.116E-01  4.099E-01  4.082E-01  4.065E-01  4.048E-01  4.030E-01  4.013E-01  3.996E-01  3.978E-01  3.961E-01  3.943E-01  3.926E-01  3.908E-01  3.890E-01  3.872E-01  3.855E-01  3.837E-01  3.819E-01  3.801E-01  3.782E-01  3.764E-01  3.746E-01  3.728E-01  3.709E-01  3.691E-01  3.672E-01  3.654E-01  3.635E-01  3.617E-01  3.598E-01  3.579E-01  3.560E-01  3.541E-01  3.523E-01  3.504E-01  3.485E-01  3.465E-01  3.446E-01
  358.5000  3.462E-01  3.450E-01  3.438E-01  3.427E-01  3.415E-01  3.403E-01  3.391E-01  3.379E-01  3.367E-01  3.355E-01  3.342E-01  3.330E-01  3.318E-01  3.305E-01  3.293E-01  3.280E-01  3.268E-01  3.255E-01  3.242E-01  3.230E-01  3.217E-01  3.204E-01  3.191E-01  3.178E-01  3.165E-01  3.152E-01  3.139E-01  3.126E-01  3.112E-01  3.099E-01  3.086E-01  3.072E-01  3.059E-01  3.045E-01  3.032E-01  3.018E-01  3.004E-01  2.990E-01  2.977E-01  2.963E-01  2.949E-01  2.935E-01  2.921E-01  2.907E-01  2.893E-01  2.879E-01  2.865E-01  2.850E-01  2.836E-01  2.822E-01  2.808E-01  2.793E-01  2.779E-01  2.764E-01  2.750E-01  2.735E-01  2.721E-01  2.706E-01  2.691E-01  2.677E-01  2.662E-01
  359.5000  5.828E-01  5.809E-01  5.789E-01  5.769E-01  5.750E-01  5.730E-01  5.710E-01  5.689E-01  5.669E-01  5.649E-01  5.628E-01  5.607E-01  5.587E-01  5.566E-01  5.545E-01  5.524E-01  5.503E-01  5.481E-01  5.460E-01  5.439E-01  5.417E-01  5.395E-01  5.374E-01  5.352E-01  5.330E-01  5.308E-01  5.286E-01  5.263E-01  5.241E-01  5.219E-01  5.196E-01  5.174E-01  5.151E-01  5.128E-01  5.105E-01  5.082E-01  5.059E-01  5.036E-01  5.013E-01  4.990E-01  4.966E-01  4.943E-01  4.919E-01  4.896E-01  4.872E-01  4.848E-01  4.825E-01  4.801E-01  4.777E-01  4.753E-01  4.729E-01  4.704E-01  4.680E-01  4.656E-01  4.631E-01  4.607E-01  4.582E-01  4.558E-01  4.533E-01  4.508E-01  4.484E-01
  360.5000  5.405E-01  5.387E-01  5.369E-01  5.350E-01  5.332E-01  5.313E-01  5.295E-01  5.276E-01  5.257E-01  5.238E-01  5.219E-01  5.200E-01  5.181E-01  5.162E-01  5.142E-01  5.123E-01  5.103E-01  5.083E-01  5.064E-01  5.044E-01  5.024E-01  5.004E-01  4.984E-01  4.963E-01  4.943E-01  4.923E-01  4.902E-01  4.882E-01  4.861E-01  4.840E-01  4.819E-01  4.798E-01  4.777E-01  4.756E-01  4.735E-01  4.714E-01  4.693E-01  4.671E-01  4.650E-01  4.628E-01  4.606E-01  4.585E-01  4.563E-01  4.541E-01  4.519E-01  4.497E-01  4.475E-01  4.453E-01  4.431E-01  4.408E-01  4.386E-01  4.364E-01  4.341E-01  4.319E-01  4.296E-01  4.273E-01  4.251E-01  4.228E-01  4.205E-01  4.182E-01  4.159E-01
  361.5000  4.875E-01  4.859E-01  4.842E-01  4.826E-01  4.809E-01  4.793E-01  4.776E-01  4.759E-01  4.742E-01  4.725E-01  4.708E-01  4.691E-01  4.673E-01  4.656E-01  4.639E-01  4.621E-01  4.603E-01  4.586E-01  4.568E-01  4.550E-01  4.532E-01  4.514E-01  4.496E-01  4.477E-01  4.459E-01  4.441E-01  4.422E-01  4.404E-01  4.385E-01  4.366E-01  4.348E-01  4.329E-01  4.310E-01  4.291E-01  4.272E-01  4.253E-01  4.233E-01  4.214E-01  4.195E-01  4.175E-01  4.156E-01  4.136E-01  4.117E-01  4.097E-01  4.077E-01  4.057E-01  4.038E-01  4.018E-01  3.998E-01  3.978E-01  3.957E-01  3.937E-01  3.917E-01  3.897E-01  3.876E-01  3.856E-01  3.835E-01  3.815E-01  3.794E-01  3.774E-01  3.753E-01
  362.5000  5.727E-01  5.708E-01  5.689E-01  5.670E-01  5.650E-01  5.631E-01  5.611E-01  5.591E-01  5.571E-01  5.551E-01  5.531E-01  5.511E-01  5.491E-01  5.470E-01  5.450E-01  5.429E-01  5.409E-01  5.388E-01  5.367E-01  5.346E-01  5.325E-01  5.304E-01  5.282E-01  5.261E-01  5.239E-01  5.218E-01  5.196E-01  5.174E-01  5.153E-01  5.131E-01  5.109E-01  5.087E-01  5.064E-01  5.042E-01  5.020E-01  4.997E-01  4.975E-01  4.952E-01  4.929E-01  4.906E-01  4.884E-01  4.861E-01  4.838E-01  4.815E-01  4.791E-01  4.768E-01  4.745E-01  4.721E-01  4.698E-01  4.674E-01  4.651E-01  4.627E-01  4.603E-01  4.579E-01  4.555E-01  4.531E-01  4.507E-01  4.483E-01  4.459E-01  4.435E-01  4.411E-01
  363.5000  5.097E-01  5.080E-01  5.063E-01  5.046E-01  5.029E-01  5.011E-01  4.994E-01  4.976E-01  4.958E-01  4.941E-01  4.923E-01  4.905E-01  4.887E-01  4.869E-01  4.850E-01  4.832E-01  4.814E-01  4.795E-01  4.777E-01  4.758E-01  4.739E-01  4.720E-01  4.701E-01  4.682E-01  4.663E-01  4.644E-01  4.625E-01  4.606E-01  4.586E-01  4.567E-01  4.547E-01  4.527E-01  4.508E-01  4.488E-01  4.468E-01  4.448E-01  4.428E-01  4.408E-01  4.388E-01  4.367E-01  4.347E-01  4.327E-01  4.306E-01  4.286E-01  4.265E-01  4.244E-01  4.224E-01  4.203E-01  4.182E-01  4.161E-01  4.140E-01  4.119E-01  4.098E-01  4.077E-01  4.055E-01  4.034E-01  4.013E-01  3.991E-01  3.970E-01  3.948E-01  3.927E-01
  364.5000  5.563E-01  5.544E-01  5.525E-01  5.507E-01  5.488E-01  5.469E-01  5.450E-01  5.431E-01  5.411E-01  5.392E-01  5.373E-01  5.353E-01  5.333E-01  5.314E-01  5.294E-01  5.274E-01  5.254E-01  5.234E-01  5.213E-01  5.193E-01  5.173E-01  5.152E-01  5.131E-01  5.111E-01  5.090E-01  5.069E-01  5.048E-01  5.027E-01  5.006E-01  4.984E-01  4.963E-01  4.942E-01  4.920E-01  4.899E-01  4.877E-01  4.855E-01  4.833E-01  4.811E-01  4.789E-01  4.767E-01  4.745E-01  4.723E-01  4.700E-01  4.678E-01  4.656E-01  4.633E-01  4.610E-01  4.588E-01  4.565E-01  4.542E-01  4.519E-01  4.496E-01  4.473E-01  4.450E-01  4.427E-01  4.404E-01  4.380E-01  4.357E-01  4.334E-01  4.310E-01  4.287E-01
  365.5000  6.781E-01  6.758E-01  6.736E-01  6.713E-01  6.690E-01  6.667E-01  6.644E-01  6.620E-01  6.597E-01  6.573E-01  6.550E-01  6.526E-01  6.502E-01  6.478E-01  6.453E-01  6.429E-01  6.405E-01  6.380E-01  6.356E-01  6.331E-01  6.306E-01  6.281E-01  6.256E-01  6.231E-01  6.205E-01  6.180E-01  6.154E-01  6.129E-01  6.103E-01  6.077E-01  6.051E-01  6.025E-01  5.999E-01  5.972E-01  5.946E-01  5.919E-01  5.893E-01  5.866E-01  5.839E-01  5.812E-01  5.785E-01  5.758E-01  5.731E-01  5.704E-01  5.676E-01  5.649E-01  5.621E-01  5.594E-01  5.566E-01  5.538E-01  5.510E-01  5.482E-01  5.454E-01  5.426E-01  5.398E-01  5.370E-01  5.341E-01  5.313E-01  5.284E-01  5.256E-01  5.227E-01
  366.5000  7.179E-01  7.156E-01  7.132E-01  7.108E-01  7.083E-01  7.059E-01  7.034E-01  7.010E-01  6.985E-01  6.960E-01  6.935E-01  6.910E-01  6.884E-01  6.859E-01  6.833E-01  6.808E-01  6.782E-01  6.756E-01  6.730E-01  6.704E-01  6.677E-01  6.651E-01  6.624E-01  6.598E-01  6.571E-01  6.544E-01  6.517E-01  6.490E-01  6.463E-01  6.435E-01  6.408E-01  6.380E-01  6.352E-01  6.325E-01  6.297E-01  6.269E-01  6.240E-01  6.212E-01  6.184E-01  6.155E-01  6.127E-01  6.098E-01  6.069E-01  6.041E-01  6.012E-01  5.983E-01  5.953E-01  5.924E-01  5.895E-01  5.865E-01  5.836E-01  5.806E-01  5.777E-01  5.747E-01  5.717E-01  5.687E-01  5.657E-01  5.627E-01  5.597E-01  5.567E-01  5.536E-01
  367.5000  6.820E-01  6.797E-01  6.774E-01  6.751E-01  6.728E-01  6.705E-01  6.682E-01  6.659E-01  6.635E-01  6.611E-01  6.588E-01  6.564E-01  6.540E-01  6.516E-01  6.491E-01  6.467E-01  6.443E-01  6.418E-01  6.393E-01  6.368E-01  6.343E-01  6.318E-01  6.293E-01  6.268E-01  6.242E-01  6.217E-01  6.191E-01  6.165E-01  6.140E-01  6.114E-01  6.087E-01  6.061E-01  6.035E-01  6.009E-01  5.982E-01  5.956E-01  5.929E-01  5.902E-01  5.875E-01  5.848E-01  5.821E-01  5.794E-01  5.767E-01  5.739E-01  5.712E-01  5.684E-01  5.657E-01  5.629E-01  5.601E-01  5.573E-01  5.545E-01  5.517E-01  5.489E-01  5.461E-01  5.432E-01  5.404E-01  5.375E-01  5.347E-01  5.318E-01  5.289E-01  5.261E-01
  368.5000  5.993E-01  5.973E-01  5.954E-01  5.933E-01  5.913E-01  5.893E-01  5.873E-01  5.852E-01  5.831E-01  5.811E-01  5.790E-01  5.769E-01  5.748E-01  5.727E-01  5.705E-01  5.684E-01  5.662E-01  5.641E-01  5.619E-01  5.597E-01  5.575E-01  5.553E-01  5.531E-01  5.509E-01  5.487E-01  5.464E-01  5.442E-01  5.419E-01  5.396E-01  5.374E-01  5.351E-01  5.328E-01  5.305E-01  5.281E-01  5.258E-01  5.235E-01  5.211E-01  5.188E-01  5.164E-01  5.141E-01  5.117E-01  5.093E-01  5.069E-01  5.045E-01  5.021E-01  4.997E-01  4.972E-01  4.948E-01  4.924E-01  4.899E-01  4.874E-01  4.850E-01  4.825E-01  4.800E-01  4.775E-01  4.750E-01  4.725E-01  4.700E-01  4.675E-01  4.650E-01  4.625E-01
  369.5000  7.192E-01  7.168E-01  7.144E-01  7.120E-01  7.096E-01  7.072E-01  7.047E-01  7.023E-01  6.998E-01  6.973E-01  6.948E-01  6.923E-01  6.898E-01  6.872E-01  6.847E-01  6.821E-01  6.795E-01  6.769E-01  6.743E-01  6.717E-01  6.691E-01  6.665E-01  6.638E-01  6.611E-01  6.585E-01  6.558E-01  6.531E-01  6.504E-01  6.477E-01  6.449E-01  6.422E-01  6.394E-01  6.367E-01  6.339E-01  6.311E-01  6.283E-01  6.255E-01  6.227E-01  6.198E-01  6.170E-01  6.141E-01  6.113E-01  6.084E-01  6.055E-01  6.026E-01  5.997E-01  5.968E-01  5.939E-01  5.910E-01  5.880E-01  5.851E-01  5.821E-01  5.792E-01  5.762E-01  5.732E-01  5.702E-01  5.672E-01  5.642E-01  5.612E-01  5.582E-01  5.551E-01
  370.5000  6.528E-01  6.506E-01  6.484E-01  6.463E-01  6.441E-01  6.419E-01  6.397E-01  6.374E-01  6.352E-01  6.329E-01  6.307E-01  6.284E-01  6.261E-01  6.238E-01  6.215E-01  6.191E-01  6.168E-01  6.145E-01  6.121E-01  6.097E-01  6.074E-01  6.050E-01  6.026E-01  6.001E-01  5.977E-01  5.953E-01  5.928E-01  5.904E-01  5.879E-01  5.854E-01  5.829E-01  5.805E-01  5.779E-01  5.754E-01  5.729E-01  5.704E-01  5.678E-01  5.653E-01  5.627E-01  5.601E-01  5.575E-01  5.549E-01  5.523E-01  5.497E-01  5.471E-01  5.445E-01  5.418E-01  5.392E-01  5.365E-01  5.339E-01  5.312E-01  5.285E-01  5.258E-01  5.231E-01  5.204E-01  5.177E-01  5.150E-01  5.123E-01  5.095E-01  5.068E-01  5.040E-01
  371.5000  7.472E-01  7.447E-01  7.423E-01  7.398E-01  7.373E-01  7.347E-01  7.322E-01  7.297E-01  7.271E-01  7.245E-01  7.219E-01  7.193E-01  7.167E-01  7.141E-01  7.114E-01  7.088E-01  7.061E-01  7.034E-01  7.007E-01  6.980E-01  6.953E-01  6.925E-01  6.898E-01  6.870E-01  6.843E-01  6.815E-01  6.787E-01  6.759E-01  6.731E-01  6.702E-01  6.674E-01  6.645E-01  6.617E-01  6.588E-01  6.559E-01  6.530E-01  6.501E-01  6.471E-01  6.442E-01  6.413E-01  6.383E-01  6.353E-01  6.324E-01  6.294E-01  6.264E-01  6.234E-01  6.204E-01  6.173E-01  6.143E-01  6.112E-01  6.082E-01  6.051E-01  6.020E-01  5.990E-01  5.959E-01  5.928E-01  5.897E-01  5.865E-01  5.834E-01  5.803E-01  5.771E-01
  372.5000  5.521E-01  5.503E-01  5.485E-01  5.467E-01  5.448E-01  5.429E-01  5.411E-01  5.392E-01  5.373E-01  5.354E-01  5.335E-01  5.316E-01  5.296E-01  5.277E-01  5.257E-01  5.238E-01  5.218E-01  5.198E-01  5.178E-01  5.158E-01  5.138E-01  5.118E-01  5.098E-01  5.077E-01  5.057E-01  5.036E-01  5.016E-01  4.995E-01  4.974E-01  4.953E-01  4.932E-01  4.911E-01  4.890E-01  4.869E-01  4.847E-01  4.826E-01  4.805E-01  4.783E-01  4.761E-01  4.740E-01  4.718E-01  4.696E-01  4.674E-01  4.652E-01  4.630E-01  4.607E-01  4.585E-01  4.563E-01  4.540E-01  4.518E-01  4.495E-01  4.473E-01  4.450E-01  4.427E-01  4.404E-01  4.382E-01  4.359E-01  4.336E-01  4.312E-01  4.289E-01  4.266E-01
  373.5000  4.993E-01  4.976E-01  4.960E-01  4.943E-01  4.926E-01  4.910E-01  4.893E-01  4.876E-01  4.859E-01  4.841E-01  4.824E-01  4.807E-01  4.789E-01  4.772E-01  4.754E-01  4.736E-01  4.719E-01  4.701E-01  4.683E-01  4.665E-01  4.647E-01  4.628E-01  4.610E-01  4.592E-01  4.573E-01  4.555E-01  4.536E-01  4.517E-01  4.498E-01  4.479E-01  4.461E-01  4.442E-01  4.422E-01  4.403E-01  4.384E-01  4.365E-01  4.345E-01  4.326E-01  4.306E-01  4.286E-01  4.267E-01  4.247E-01  4.227E-01  4.207E-01  4.187E-01  4.167E-01  4.147E-01  4.127E-01  4.107E-01  4.086E-01  4.066E-01  4.045E-01  4.025E-01  4.004E-01  3.984E-01  3.963E-01  3.942E-01  3.921E-01  3.901E-01  3.880E-01  3.859E-01
  374.5000  5.482E-01  5.464E-01  5.446E-01  5.427E-01  5.409E-01  5.391E-01  5.372E-01  5.353E-01  5.335E-01  5.316E-01  5.297E-01  5.278E-01  5.259E-01  5.240E-01  5.220E-01  5.201E-01  5.181E-01  5.162E-01  5.142E-01  5.122E-01  5.102E-01  5.082E-01  5.062E-01  5.042E-01  5.022E-01  5.001E-01  4.981E-01  4.960E-01  4.940E-01  4.919E-01  4.898E-01  4.877E-01  4.856E-01  4.835E-01  4.814E-01  4.793E-01  4.772E-01  4.750E-01  4.729E-01  4.707E-01  4.686E-01  4.664E-01  4.642E-01  4.620E-01  4.598E-01  4.576E-01  4.554E-01  4.532E-01  4.510E-01  4.488E-01  4.465E-01  4.443E-01  4.420E-01  4.398E-01  4.375E-01  4.352E-01  4.330E-01  4.307E-01  4.284E-01  4.261E-01  4.238E-01
  375.5000  6.187E-01  6.167E-01  6.146E-01  6.126E-01  6.105E-01  6.085E-01  6.064E-01  6.043E-01  6.021E-01  6.000E-01  5.979E-01  5.957E-01  5.936E-01  5.914E-01  5.892E-01  5.871E-01  5.849E-01  5.826E-01  5.804E-01  5.782E-01  5.759E-01  5.737E-01  5.714E-01  5.691E-01  5.669E-01  5.646E-01  5.623E-01  5.599E-01  5.576E-01  5.553E-01  5.529E-01  5.506E-01  5.482E-01  5.458E-01  5.435E-01  5.411E-01  5.387E-01  5.363E-01  5.338E-01  5.314E-01  5.290E-01  5.265E-01  5.241E-01  5.216E-01  5.191E-01  5.167E-01  5.142E-01  5.117E-01  5.092E-01  5.066E-01  5.041E-01  5.016E-01  4.991E-01  4.965E-01  4.940E-01  4.914E-01  4.888E-01  4.863E-01  4.837E-01  4.811E-01  4.785E-01
  376.5000  6.181E-01  6.161E-01  6.140E-01  6.120E-01  6.099E-01  6.078E-01  6.058E-01  6.037E-01  6.016E-01  5.994E-01  5.973E-01  5.952E-01  5.930E-01  5.909E-01  5.887E-01  5.865E-01  5.843E-01  5.821E-01  5.799E-01  5.776E-01  5.754E-01  5.732E-01  5.709E-01  5.686E-01  5.663E-01  5.641E-01  5.618E-01  5.594E-01  5.571E-01  5.548E-01  5.525E-01  5.501E-01  5.477E-01  5.454E-01  5.430E-01  5.406E-01  5.382E-01  5.358E-01  5.334E-01  5.310E-01  5.285E-01  5.261E-01  5.236E-01  5.212E-01  5.187E-01  5.162E-01  5.138E-01  5.113E-01  5.088E-01  5.063E-01  5.037E-01  5.012E-01  4.987E-01  4.961E-01  4.936E-01  4.910E-01  4.885E-01  4.859E-01  4.833E-01  4.808E-01  4.782E-01
  377.5000  7.363E-01  7.339E-01  7.315E-01  7.290E-01  7.266E-01  7.241E-01  7.216E-01  7.191E-01  7.166E-01  7.141E-01  7.116E-01  7.090E-01  7.065E-01  7.039E-01  7.013E-01  6.987E-01  6.961E-01  6.935E-01  6.908E-01  6.882E-01  6.855E-01  6.828E-01  6.802E-01  6.775E-01  6.747E-01  6.720E-01  6.693E-01  6.665E-01  6.638E-01  6.610E-01  6.582E-01  6.554E-01  6.526E-01  6.498E-01  6.470E-01  6.441E-01  6.413E-01  6.384E-01  6.355E-01  6.326E-01  6.298E-01  6.268E-01  6.239E-01  6.210E-01  6.181E-01  6.151E-01  6.122E-01  6.092E-01  6.062E-01  6.032E-01  6.002E-01  5.972E-01  5.942E-01  5.912E-01  5.882E-01  5.851E-01  5.821E-01  5.790E-01  5.760E-01  5.729E-01  5.698E-01
  378.5000  8.028E-01  8.002E-01  7.976E-01  7.949E-01  7.922E-01  7.896E-01  7.869E-01  7.841E-01  7.814E-01  7.787E-01  7.759E-01  7.731E-01  7.703E-01  7.675E-01  7.647E-01  7.619E-01  7.590E-01  7.562E-01  7.533E-01  7.504E-01  7.475E-01  7.446E-01  7.417E-01  7.387E-01  7.358E-01  7.328E-01  7.298E-01  7.268E-01  7.238E-01  7.208E-01  7.178E-01  7.147E-01  7.117E-01  7.086E-01  7.055E-01  7.024E-01  6.993E-01  6.962E-01  6.931E-01  6.899E-01  6.868E-01  6.836E-01  6.804E-01  6.772E-01  6.740E-01  6.708E-01  6.676E-01  6.644E-01  6.611E-01  6.579E-01  6.546E-01  6.514E-01  6.481E-01  6.448E-01  6.415E-01  6.382E-01  6.348E-01  6.315E-01  6.282E-01  6.248E-01  6.215E-01
  379.5000  5.942E-01  5.923E-01  5.903E-01  5.883E-01  5.864E-01  5.844E-01  5.824E-01  5.804E-01  5.784E-01  5.763E-01  5.743E-01  5.722E-01  5.702E-01  5.681E-01  5.660E-01  5.639E-01  5.618E-01  5.597E-01  5.576E-01  5.554E-01  5.533E-01  5.512E-01  5.490E-01  5.468E-01  5.446E-01  5.424E-01  5.402E-01  5.380E-01  5.358E-01  5.336E-01  5.313E-01  5.291E-01  5.268E-01  5.245E-01  5.223E-01  5.200E-01  5.177E-01  5.154E-01  5.130E-01  5.107E-01  5.084E-01  5.061E-01  5.037E-01  5.013E-01  4.990E-01  4.966E-01  4.942E-01  4.918E-01  4.894E-01  4.870E-01  4.846E-01  4.822E-01  4.798E-01  4.773E-01  4.749E-01  4.725E-01  4.700E-01  4.675E-01  4.651E-01  4.626E-01  4.601E-01
  380.5000  7.149E-01  7.125E-01  7.102E-01  7.078E-01  7.055E-01  7.031E-01  7.007E-01  6.983E-01  6.958E-01  6.934E-01  6.910E-01  6.885E-01  6.860E-01  6.835E-01  6.810E-01  6.785E-01  6.760E-01  6.734E-01  6.709E-01  6.683E-01  6.657E-01  6.632E-01  6.605E-01  6.579E-01  6.553E-01  6.527E-01  6.500E-01  6.474E-01  6.447E-01  6.420E-01  6.393E-01  6.366E-01  6.339E-01  6.312E-01  6.284E-01  6.257E-01  6.229E-01  6.201E-01  6.174E-01  6.146E-01  6.118E-01  6.090E-01  6.061E-01  6.033E-01  6.005E-01  5.976E-01  5.947E-01  5.919E-01  5.890E-01  5.861E-01  5.832E-01  5.803E-01  5.774E-01  5.744E-01  5.715E-01  5.686E-01  5.656E-01  5.627E-01  5.597E-01  5.567E-01  5.537E-01
  381.5000  6.720E-01  6.698E-01  6.676E-01  6.654E-01  6.632E-01  6.609E-01  6.587E-01  6.564E-01  6.541E-01  6.519E-01  6.496E-01  6.472E-01  6.449E-01  6.426E-01  6.402E-01  6.379E-01  6.355E-01  6.331E-01  6.307E-01  6.283E-01  6.259E-01  6.234E-01  6.210E-01  6.185E-01  6.161E-01  6.136E-01  6.111E-01  6.086E-01  6.061E-01  6.036E-01  6.011E-01  5.985E-01  5.960E-01  5.934E-01  5.908E-01  5.883E-01  5.857E-01  5.831E-01  5.804E-01  5.778E-01  5.752E-01  5.726E-01  5.699E-01  5.672E-01  5.646E-01  5.619E-01  5.592E-01  5.565E-01  5.538E-01  5.511E-01  5.484E-01  5.456E-01  5.429E-01  5.401E-01  5.374E-01  5.346E-01  5.318E-01  5.291E-01  5.263E-01  5.235E-01  5.207E-01
  382.5000  4.480E-01  4.465E-01  4.450E-01  4.436E-01  4.421E-01  4.406E-01  4.391E-01  4.376E-01  4.361E-01  4.345E-01  4.330E-01  4.315E-01  4.299E-01  4.284E-01  4.268E-01  4.252E-01  4.236E-01  4.220E-01  4.205E-01  4.188E-01  4.172E-01  4.156E-01  4.140E-01  4.124E-01  4.107E-01  4.091E-01  4.074E-01  4.057E-01  4.041E-01  4.024E-01  4.007E-01  3.990E-01  3.973E-01  3.956E-01  3.939E-01  3.922E-01  3.905E-01  3.887E-01  3.870E-01  3.852E-01  3.835E-01  3.817E-01  3.800E-01  3.782E-01  3.764E-01  3.746E-01  3.728E-01  3.710E-01  3.692E-01  3.674E-01  3.656E-01  3.638E-01  3.620E-01  3.601E-01  3.583E-01  3.565E-01  3.546E-01  3.528E-01  3.509E-01  3.490E-01  3.472E-01
  383.5000  3.935E-01  3.922E-01  3.909E-01  3.896E-01  3.883E-01  3.870E-01  3.857E-01  3.844E-01  3.831E-01  3.817E-01  3.804E-01  3.790E-01  3.777E-01  3.763E-01  3.749E-01  3.736E-01  3.722E-01  3.708E-01  3.694E-01  3.680E-01  3.666E-01  3.651E-01  3.637E-01  3.623E-01  3.608E-01  3.594E-01  3.579E-01  3.565E-01  3.550E-01  3.535E-01  3.521E-01  3.506E-01  3.491E-01  3.476E-01  3.461E-01  3.446E-01  3.431E-01  3.415E-01  3.400E-01  3.385E-01  3.369E-01  3.354E-01  3.338E-01  3.323E-01  3.307E-01  3.292E-01  3.276E-01  3.260E-01  3.244E-01  3.228E-01  3.213E-01  3.197E-01  3.181E-01  3.164E-01  3.148E-01  3.132E-01  3.116E-01  3.100E-01  3.083E-01  3.067E-01  3.051E-01
  384.5000  5.908E-01  5.888E-01  5.869E-01  5.850E-01  5.830E-01  5.811E-01  5.791E-01  5.771E-01  5.751E-01  5.731E-01  5.711E-01  5.691E-01  5.670E-01  5.650E-01  5.629E-01  5.608E-01  5.588E-01  5.567E-01  5.546E-01  5.525E-01  5.503E-01  5.482E-01  5.461E-01  5.439E-01  5.418E-01  5.396E-01  5.374E-01  5.352E-01  5.330E-01  5.308E-01  5.286E-01  5.264E-01  5.241E-01  5.219E-01  5.196E-01  5.174E-01  5.151E-01  5.128E-01  5.105E-01  5.082E-01  5.059E-01  5.036E-01  5.013E-01  4.990E-01  4.966E-01  4.943E-01  4.919E-01  4.895E-01  4.872E-01  4.848E-01  4.824E-01  4.800E-01  4.776E-01  4.752E-01  4.728E-01  4.704E-01  4.679E-01  4.655E-01  4.630E-01  4.606E-01  4.581E-01
  385.5000  5.847E-01  5.828E-01  5.809E-01  5.790E-01  5.770E-01  5.751E-01  5.731E-01  5.712E-01  5.692E-01  5.672E-01  5.652E-01  5.632E-01  5.612E-01  5.592E-01  5.572E-01  5.551E-01  5.531E-01  5.510E-01  5.489E-01  5.468E-01  5.447E-01  5.426E-01  5.405E-01  5.384E-01  5.362E-01  5.341E-01  5.319E-01  5.298E-01  5.276E-01  5.254E-01  5.232E-01  5.210E-01  5.188E-01  5.166E-01  5.144E-01  5.121E-01  5.099E-01  5.076E-01  5.054E-01  5.031E-01  5.008E-01  4.985E-01  4.962E-01  4.939E-01  4.916E-01  4.893E-01  4.870E-01  4.846E-01  4.823E-01  4.799E-01  4.776E-01  4.752E-01  4.728E-01  4.704E-01  4.680E-01  4.656E-01  4.632E-01  4.608E-01  4.584E-01  4.560E-01  4.536E-01
  386.5000  5.962E-01  5.943E-01  5.923E-01  5.904E-01  5.884E-01  5.864E-01  5.845E-01  5.825E-01  5.804E-01  5.784E-01  5.764E-01  5.744E-01  5.723E-01  5.702E-01  5.682E-01  5.661E-01  5.640E-01  5.619E-01  5.598E-01  5.576E-01  5.555E-01  5.534E-01  5.512E-01  5.490E-01  5.469E-01  5.447E-01  5.425E-01  5.403E-01  5.381E-01  5.358E-01  5.336E-01  5.314E-01  5.291E-01  5.269E-01  5.246E-01  5.223E-01  5.200E-01  5.177E-01  5.154E-01  5.131E-01  5.108E-01  5.084E-01  5.061E-01  5.038E-01  5.014E-01  4.990E-01  4.967E-01  4.943E-01  4.919E-01  4.895E-01  4.871E-01  4.847E-01  4.823E-01  4.798E-01  4.774E-01  4.749E-01  4.725E-01  4.700E-01  4.676E-01  4.651E-01  4.626E-01
  387.5000  5.543E-01  5.525E-01  5.507E-01  5.489E-01  5.471E-01  5.452E-01  5.434E-01  5.415E-01  5.397E-01  5.378E-01  5.359E-01  5.340E-01  5.321E-01  5.302E-01  5.283E-01  5.263E-01  5.244E-01  5.224E-01  5.205E-01  5.185E-01  5.165E-01  5.145E-01  5.125E-01  5.105E-01  5.085E-01  5.064E-01  5.044E-01  5.024E-01  5.003E-01  4.982E-01  4.962E-01  4.941E-01  4.920E-01  4.899E-01  4.878E-01  4.857E-01  4.835E-01  4.814E-01  4.793E-01  4.771E-01  4.750E-01  4.728E-01  4.706E-01  4.684E-01  4.662E-01  4.640E-01  4.618E-01  4.596E-01  4.574E-01  4.552E-01  4.529E-01  4.507E-01  4.485E-01  4.462E-01  4.439E-01  4.417E-01  4.394E-01  4.371E-01  4.348E-01  4.325E-01  4.302E-01
  388.5000  5.558E-01  5.540E-01  5.522E-01  5.504E-01  5.485E-01  5.467E-01  5.448E-01  5.430E-01  5.411E-01  5.392E-01  5.374E-01  5.355E-01  5.335E-01  5.316E-01  5.297E-01  5.278E-01  5.258E-01  5.239E-01  5.219E-01  5.199E-01  5.179E-01  5.159E-01  5.139E-01  5.119E-01  5.099E-01  5.079E-01  5.058E-01  5.038E-01  5.017E-01  4.996E-01  4.976E-01  4.955E-01  4.934E-01  4.913E-01  4.892E-01  4.870E-01  4.849E-01  4.828E-01  4.806E-01  4.785E-01  4.763E-01  4.741E-01  4.720E-01  4.698E-01  4.676E-01  4.654E-01  4.632E-01  4.610E-01  4.587E-01  4.565E-01  4.543E-01  4.520E-01  4.498E-01  4.475E-01  4.452E-01  4.430E-01  4.407E-01  4.384E-01  4.361E-01  4.338E-01  4.315E-01
  389.5000  7.011E-01  6.989E-01  6.966E-01  6.943E-01  6.920E-01  6.897E-01  6.874E-01  6.850E-01  6.827E-01  6.803E-01  6.779E-01  6.755E-01  6.731E-01  6.707E-01  6.683E-01  6.658E-01  6.634E-01  6.609E-01  6.584E-01  6.559E-01  6.534E-01  6.509E-01  6.484E-01  6.459E-01  6.433E-01  6.407E-01  6.382E-01  6.356E-01  6.330E-01  6.304E-01  6.278E-01  6.251E-01  6.225E-01  6.198E-01  6.172E-01  6.145E-01  6.118E-01  6.091E-01  6.064E-01  6.037E-01  6.010E-01  5.983E-01  5.955E-01  5.928E-01  5.900E-01  5.872E-01  5.844E-01  5.816E-01  5.788E-01  5.760E-01  5.732E-01  5.704E-01  5.675E-01  5.647E-01  5.618E-01  5.590E-01  5.561E-01  5.532E-01  5.503E-01  5.474E-01  5.445E-01
  390.5000  6.889E-01  6.867E-01  6.845E-01  6.822E-01  6.800E-01  6.777E-01  6.754E-01  6.731E-01  6.708E-01  6.685E-01  6.661E-01  6.638E-01  6.614E-01  6.591E-01  6.567E-01  6.543E-01  6.519E-01  6.494E-01  6.470E-01  6.446E-01  6.421E-01  6.396E-01  6.372E-01  6.347E-01  6.322E-01  6.297E-01  6.271E-01  6.246E-01  6.220E-01  6.195E-01  6.169E-01  6.143E-01  6.117E-01  6.091E-01  6.065E-01  6.039E-01  6.013E-01  5.986E-01  5.960E-01  5.933E-01  5.906E-01  5.880E-01  5.853E-01  5.826E-01  5.798E-01  5.771E-01  5.744E-01  5.716E-01  5.689E-01  5.661E-01  5.634E-01  5.606E-01  5.578E-01  5.550E-01  5.522E-01  5.494E-01  5.466E-01  5.437E-01  5.409E-01  5.380E-01  5.352E-01
  391.5000  8.176E-01  8.150E-01  8.124E-01  8.097E-01  8.070E-01  8.043E-01  8.016E-01  7.989E-01  7.961E-01  7.934E-01  7.906E-01  7.878E-01  7.850E-01  7.822E-01  7.794E-01  7.766E-01  7.737E-01  7.708E-01  7.680E-01  7.651E-01  7.621E-01  7.592E-01  7.563E-01  7.533E-01  7.504E-01  7.474E-01  7.444E-01  7.414E-01  7.384E-01  7.353E-01  7.323E-01  7.292E-01  7.261E-01  7.231E-01  7.200E-01  7.168E-01  7.137E-01  7.106E-01  7.074E-01  7.043E-01  7.011E-01  6.979E-01  6.947E-01  6.915E-01  6.883E-01  6.851E-01  6.818E-01  6.786E-01  6.753E-01  6.721E-01  6.688E-01  6.655E-01  6.622E-01  6.589E-01  6.555E-01  6.522E-01  6.488E-01  6.455E-01  6.421E-01  6.388E-01  6.354E-01
  392.5000  6.134E-01  6.114E-01  6.094E-01  6.074E-01  6.054E-01  6.034E-01  6.014E-01  5.993E-01  5.973E-01  5.952E-01  5.931E-01  5.911E-01  5.890E-01  5.868E-01  5.847E-01  5.826E-01  5.805E-01  5.783E-01  5.762E-01  5.740E-01  5.718E-01  5.696E-01  5.674E-01  5.652E-01  5.630E-01  5.607E-01  5.585E-01  5.562E-01  5.540E-01  5.517E-01  5.494E-01  5.471E-01  5.448E-01  5.425E-01  5.402E-01  5.378E-01  5.355E-01  5.332E-01  5.308E-01  5.284E-01  5.261E-01  5.237E-01  5.213E-01  5.189E-01  5.165E-01  5.140E-01  5.116E-01  5.092E-01  5.067E-01  5.043E-01  5.018E-01  4.993E-01  4.969E-01  4.944E-01  4.919E-01  4.894E-01  4.869E-01  4.844E-01  4.818E-01  4.793E-01  4.768E-01
  393.5000  2.668E-01  2.659E-01  2.651E-01  2.642E-01  2.633E-01  2.624E-01  2.616E-01  2.607E-01  2.598E-01  2.589E-01  2.580E-01  2.571E-01  2.562E-01  2.552E-01  2.543E-01  2.534E-01  2.525E-01  2.515E-01  2.506E-01  2.497E-01  2.487E-01  2.478E-01  2.468E-01  2.458E-01  2.449E-01  2.439E-01  2.429E-01  2.419E-01  2.410E-01  2.400E-01  2.390E-01  2.380E-01  2.370E-01  2.360E-01  2.350E-01  2.340E-01  2.329E-01  2.319E-01  2.309E-01  2.299E-01  2.288E-01  2.278E-01  2.268E-01  2.257E-01  2.247E-01  2.236E-01  2.226E-01  2.215E-01  2.204E-01  2.194E-01  2.183E-01  2.172E-01  2.162E-01  2.151E-01  2.140E-01  2.129E-01  2.118E-01  2.107E-01  2.096E-01  2.085E-01  2.074E-01
  394.5000  6.280E-01  6.260E-01  6.239E-01  6.219E-01  6.199E-01  6.178E-01  6.157E-01  6.136E-01  6.115E-01  6.094E-01  6.073E-01  6.052E-01  6.030E-01  6.009E-01  5.987E-01  5.966E-01  5.944E-01  5.922E-01  5.900E-01  5.877E-01  5.855E-01  5.833E-01  5.810E-01  5.788E-01  5.765E-01  5.742E-01  5.719E-01  5.696E-01  5.673E-01  5.650E-01  5.626E-01  5.603E-01  5.579E-01  5.556E-01  5.532E-01  5.508E-01  5.484E-01  5.460E-01  5.436E-01  5.412E-01  5.388E-01  5.363E-01  5.339E-01  5.314E-01  5.290E-01  5.265E-01  5.240E-01  5.215E-01  5.190E-01  5.165E-01  5.140E-01  5.115E-01  5.090E-01  5.064E-01  5.039E-01  5.013E-01  4.987E-01  4.962E-01  4.936E-01  4.910E-01  4.884E-01
  395.5000  8.083E-01  8.057E-01  8.031E-01  8.005E-01  7.978E-01  7.952E-01  7.925E-01  7.898E-01  7.872E-01  7.844E-01  7.817E-01  7.790E-01  7.762E-01  7.735E-01  7.707E-01  7.679E-01  7.651E-01  7.622E-01  7.594E-01  7.565E-01  7.537E-01  7.508E-01  7.479E-01  7.450E-01  7.421E-01  7.391E-01  7.362E-01  7.332E-01  7.303E-01  7.273E-01  7.243E-01  7.213E-01  7.182E-01  7.152E-01  7.121E-01  7.091E-01  7.060E-01  7.029E-01  6.998E-01  6.967E-01  6.936E-01  6.905E-01  6.873E-01  6.842E-01  6.810E-01  6.778E-01  6.746E-01  6.714E-01  6.682E-01  6.650E-01  6.617E-01  6.585E-01  6.552E-01  6.520E-01  6.487E-01  6.454E-01  6.421E-01  6.388E-01  6.355E-01  6.322E-01  6.288E-01
  396.5000  4.748E-01  4.733E-01  4.717E-01  4.702E-01  4.687E-01  4.671E-01  4.655E-01  4.640E-01  4.624E-01  4.608E-01  4.592E-01  4.576E-01  4.560E-01  4.543E-01  4.527E-01  4.511E-01  4.494E-01  4.478E-01  4.461E-01  4.444E-01  4.427E-01  4.411E-01  4.394E-01  4.376E-01  4.359E-01  4.342E-01  4.325E-01  4.307E-01  4.290E-01  4.272E-01  4.255E-01  4.237E-01  4.219E-01  4.202E-01  4.184E-01  4.166E-01  4.148E-01  4.130E-01  4.111E-01  4.093E-01  4.075E-01  4.056E-01  4.038E-01  4.019E-01  4.001E-01  3.982E-01  3.963E-01  3.945E-01  3.926E-01  3.907E-01  3.888E-01  3.869E-01  3.850E-01  3.831E-01  3.811E-01  3.792E-01  3.773E-01  3.753E-01  3.734E-01  3.714E-01  3.695E-01
  397.5000  5.481E-01  5.463E-01  5.445E-01  5.428E-01  5.410E-01  5.392E-01  5.374E-01  5.356E-01  5.338E-01  5.319E-01  5.301E-01  5.282E-01  5.264E-01  5.245E-01  5.226E-01  5.207E-01  5.188E-01  5.169E-01  5.150E-01  5.131E-01  5.111E-01  5.092E-01  5.072E-01  5.052E-01  5.033E-01  5.013E-01  4.993E-01  4.973E-01  4.953E-01  4.932E-01  4.912E-01  4.892E-01  4.871E-01  4.851E-01  4.830E-01  4.809E-01  4.789E-01  4.768E-01  4.747E-01  4.726E-01  4.704E-01  4.683E-01  4.662E-01  4.641E-01  4.619E-01  4.598E-01  4.576E-01  4.554E-01  4.533E-01  4.511E-01  4.489E-01  4.467E-01  4.445E-01  4.423E-01  4.401E-01  4.378E-01  4.356E-01  4.334E-01  4.311E-01  4.289E-01  4.266E-01
  398.5000  9.421E-01  9.391E-01  9.360E-01  9.330E-01  9.299E-01  9.269E-01  9.238E-01  9.206E-01  9.175E-01  9.144E-01  9.112E-01  9.080E-01  9.048E-01  9.016E-01  8.984E-01  8.951E-01  8.919E-01  8.886E-01  8.853E-01  8.820E-01  8.786E-01  8.753E-01  8.719E-01  8.685E-01  8.651E-01  8.617E-01  8.583E-01  8.549E-01  8.514E-01  8.479E-01  8.445E-01  8.410E-01  8.374E-01  8.339E-01  8.304E-01  8.268E-01  8.232E-01  8.196E-01  8.160E-01  8.124E-01  8.088E-01  8.051E-01  8.015E-01  7.978E-01  7.941E-01  7.904E-01  7.867E-01  7.830E-01  7.793E-01  7.755E-01  7.718E-01  7.680E-01  7.642E-01  7.604E-01  7.566E-01  7.528E-01  7.489E-01  7.451E-01  7.412E-01  7.374E-01  7.335E-01
  399.5000  9.802E-01  9.771E-01  9.739E-01  9.708E-01  9.676E-01  9.644E-01  9.612E-01  9.579E-01  9.547E-01  9.514E-01  9.481E-01  9.448E-01  9.415E-01  9.381E-01  9.348E-01  9.314E-01  9.280E-01  9.246E-01  9.212E-01  9.177E-01  9.143E-01  9.108E-01  9.073E-01  9.038E-01  9.002E-01  8.967E-01  8.931E-01  8.896E-01  8.860E-01  8.824E-01  8.787E-01  8.751E-01  8.715E-01  8.678E-01  8.641E-01  8.604E-01  8.567E-01  8.530E-01  8.492E-01  8.454E-01  8.417E-01  8.379E-01  8.341E-01  8.303E-01  8.264E-01  8.226E-01  8.187E-01  8.149E-01  8.110E-01  8.071E-01  8.032E-01  7.993E-01  7.953E-01  7.914E-01  7.874E-01  7.834E-01  7.795E-01  7.755E-01  7.714E-01  7.674E-01  7.634E-01
------------------------------------------------------------
Dose rates, W m-2
   1 = UV-B, 280-315 nm                                  
   2 = UV-B*, 280-320 nm                                 
   3 = UV-A, 315-400 nm                                  
values at z =      0.541 km
Columns: time, sza, weighting spectra
time, hrs.  sza, deg.          1          2          3
   16.0000     30.950  1.199E+00  2.293E+00  4.419E+01
   16.0167     31.175  1.192E+00  2.282E+00  4.404E+01
   16.0333     31.400  1.185E+00  2.270E+00  4.389E+01
   16.0500     31.625  1.178E+00  2.258E+00  4.374E+01
   16.0667     31.850  1.171E+00  2.246E+00  4.359E+01
   16.0833     32.074  1.164E+00  2.234E+00  4.344E+01
   16.1000     32.299  1.157E+00  2.223E+00  4.328E+01
   16.1167     32.524  1.150E+00  2.211E+00  4.313E+01
   16.1333     32.749  1.142E+00  2.199E+00  4.297E+01
   16.1500     32.973  1.135E+00  2.187E+00  4.282E+01
   16.1667     33.198  1.128E+00  2.174E+00  4.266E+01
   16.1833     33.423  1.121E+00  2.162E+00  4.250E+01
   16.2000     33.647  1.114E+00  2.150E+00  4.234E+01
   16.2167     33.872  1.106E+00  2.138E+00  4.218E+01
   16.2333     34.097  1.099E+00  2.126E+00  4.202E+01
   16.2500     34.321  1.092E+00  2.114E+00  4.186E+01
   16.2667     34.545  1.085E+00  2.101E+00  4.170E+01
   16.2833     34.770  1.077E+00  2.088E+00  4.154E+01
   16.3000     34.995  1.070E+00  2.077E+00  4.137E+01
   16.3167     35.219  1.063E+00  2.064E+00  4.121E+01
   16.3333     35.443  1.055E+00  2.052E+00  4.104E+01
   16.3500     35.668  1.048E+00  2.039E+00  4.088E+01
   16.3667     35.892  1.041E+00  2.027E+00  4.071E+01
   16.3833     36.116  1.033E+00  2.014E+00  4.054E+01
   16.4000     36.341  1.026E+00  2.002E+00  4.038E+01
   16.4167     36.565  1.018E+00  1.987E+00  4.021E+01
   16.4333     36.789  1.011E+00  1.976E+00  4.004E+01
   16.4500     37.013  1.004E+00  1.964E+00  3.987E+01
   16.4667     37.238  9.963E-01  1.951E+00  3.970E+01
   16.4833     37.462  9.888E-01  1.938E+00  3.953E+01
   16.5000     37.686  9.814E-01  1.926E+00  3.935E+01
   16.5167     37.910  9.739E-01  1.913E+00  3.918E+01
   16.5333     38.134  9.665E-01  1.900E+00  3.901E+01
   16.5500     38.358  9.590E-01  1.887E+00  3.883E+01
   16.5667     38.582  9.515E-01  1.875E+00  3.866E+01
   16.5833     38.806  9.441E-01  1.862E+00  3.848E+01
   16.6000     39.030  9.366E-01  1.849E+00  3.831E+01
   16.6167     39.254  9.291E-01  1.836E+00  3.813E+01
   16.6333     39.478  9.217E-01  1.823E+00  3.795E+01
   16.6500     39.702  9.142E-01  1.810E+00  3.777E+01
   16.6667     39.926  9.067E-01  1.798E+00  3.760E+01
   16.6833     40.149  8.992E-01  1.785E+00  3.742E+01
   16.7000     40.373  8.917E-01  1.772E+00  3.724E+01
   16.7167     40.597  8.833E-01  1.758E+00  3.706E+01
   16.7333     40.820  8.767E-01  1.746E+00  3.688E+01
   16.7500     41.044  8.693E-01  1.733E+00  3.669E+01
   16.7667     41.268  8.618E-01  1.720E+00  3.651E+01
   16.7833     41.491  8.543E-01  1.707E+00  3.633E+01
   16.8000     41.715  8.468E-01  1.694E+00  3.615E+01
   16.8167     41.938  8.392E-01  1.681E+00  3.596E+01
   16.8333     42.162  8.319E-01  1.668E+00  3.578E+01
   16.8500     42.385  8.244E-01  1.655E+00  3.559E+01
   16.8667     42.609  8.170E-01  1.642E+00  3.541E+01
   16.8833     42.832  8.090E-01  1.629E+00  3.522E+01
   16.9000     43.055  8.019E-01  1.616E+00  3.503E+01
   16.9167     43.278  7.947E-01  1.603E+00  3.485E+01
   16.9333     43.502  7.868E-01  1.590E+00  3.466E+01
   16.9500     43.725  7.798E-01  1.577E+00  3.447E+01
   16.9667     43.948  7.724E-01  1.564E+00  3.428E+01
   16.9833     44.171  7.650E-01  1.551E+00  3.409E+01
   17.0000     44.394  7.576E-01  1.538E+00  3.390E+01
------------------------------------------------------------
