Spectral Irradiance, W m-2 nm-1
values at z =      0.541 km
Columns: wavelength (nm), times (hrs.) or sza (deg.)
    wc, nm     16.000     16.017     16.033     16.050     16.067     16.083     16.100     16.117     16.133     16.150     16.167     16.183     16.200     16.217     16.233     16.250     16.267     16.283     16.300     16.317     16.333     16.350     16.367     16.383     16.400     16.417     16.433     16.450     16.467     16.483     16.500     16.517     16.533     16.550     16.567     16.583     16.600     16.617     16.633     16.650     16.667     16.683     16.700     16.717     16.733     16.750     16.767     16.783     16.800     16.817     16.833     16.850     16.867     16.883     16.900     16.917     16.933     16.950     16.967     16.983     17.000
    sza =      30.995     31.219     31.444     31.669     31.894     32.119     32.343     32.568     32.793     33.017     33.242     33.467     33.691     33.916     34.140     34.365     34.589     34.814     35.038     35.263     35.487     35.711     35.936     36.160     36.385     36.609     36.833     37.057     37.281     37.506     37.730     37.954     38.178     38.402     38.626     38.850     39.074     39.297     39.521     39.745     39.969     40.193     40.417     40.640     40.864     41.087     41.311     41.535     41.758     41.981     42.205     42.428     42.652     42.875     43.098     43.321     43.545     43.768     43.991     44.214     44.437
  280.5000  9.335E-18  8.556E-18  7.834E-18  7.166E-18  6.549E-18  5.979E-18  5.453E-18  4.969E-18  4.523E-18  4.114E-18  3.736E-18  3.390E-18  3.073E-18  2.783E-18  2.518E-18  2.275E-18  2.054E-18  1.852E-18  1.668E-18  1.500E-18  1.348E-18  1.210E-18  1.085E-18  9.719E-19  8.694E-19  7.768E-19  6.932E-19  6.179E-19  5.500E-19  4.891E-19  4.343E-19  3.852E-19  3.412E-19  3.019E-19  2.667E-19  2.353E-19  2.074E-19  1.825E-19  1.604E-19  1.408E-19  1.234E-19  1.080E-19  9.435E-20  8.234E-20  7.176E-20  6.244E-20  5.425E-20  4.707E-20  4.078E-20  3.527E-20  3.046E-20  2.627E-20  2.261E-20  1.944E-20  1.668E-20  1.429E-20  1.222E-20  1.044E-20  8.899E-21  7.574E-21  6.435E-21
  281.5000  5.403E-16  5.412E-16  4.994E-16  4.605E-16  4.242E-16  3.904E-16  3.590E-16  3.298E-16  3.027E-16  2.776E-16  2.543E-16  2.328E-16  2.129E-16  1.945E-16  1.775E-16  1.618E-16  1.474E-16  1.341E-16  1.219E-16  1.107E-16  1.005E-16  9.106E-17  8.244E-17  7.456E-17  6.736E-17  6.078E-17  5.480E-17  4.935E-17  4.439E-17  3.988E-17  3.579E-17  3.208E-17  2.873E-17  2.570E-17  2.295E-17  2.048E-17  1.825E-17  1.625E-17  1.444E-17  1.282E-17  1.137E-17  9.720E-18  8.908E-18  7.870E-18  6.943E-18  6.117E-18  5.382E-18  4.729E-18  4.150E-18  3.636E-18  3.183E-18  2.781E-18  2.426E-18  2.114E-18  1.839E-18  1.598E-18  1.386E-18  1.200E-18  1.038E-18  8.962E-19  7.727E-19
  282.5000  1.403E-14  1.304E-14  1.211E-14  1.125E-14  1.043E-14  9.667E-15  8.951E-15  8.282E-15  7.656E-15  7.072E-15  6.237E-15  6.018E-15  5.545E-15  5.104E-15  4.694E-15  4.313E-15  3.960E-15  3.632E-15  3.328E-15  3.047E-15  2.787E-15  2.547E-15  2.325E-15  2.120E-15  1.932E-15  1.758E-15  1.599E-15  1.453E-15  1.318E-15  1.195E-15  1.082E-15  9.793E-16  8.851E-16  7.990E-16  7.206E-16  6.489E-16  5.841E-16  5.251E-16  4.714E-16  4.228E-16  3.787E-16  3.388E-16  3.028E-16  2.703E-16  2.410E-16  2.146E-16  1.909E-16  1.696E-16  1.504E-16  1.333E-16  1.180E-16  1.043E-16  9.202E-17  8.111E-17  7.142E-17  6.277E-17  5.511E-17  4.831E-17  4.230E-17  3.698E-17  3.228E-17
  283.5000  9.997E-14  9.335E-14  8.710E-14  8.121E-14  7.565E-14  7.044E-14  6.553E-14  6.090E-14  5.657E-14  5.250E-14  4.868E-14  4.510E-14  4.176E-14  3.862E-14  3.570E-14  3.297E-14  3.042E-14  2.804E-14  2.583E-14  2.377E-14  2.185E-14  2.008E-14  1.843E-14  1.690E-14  1.549E-14  1.418E-14  1.297E-14  1.185E-14  1.081E-14  9.859E-15  8.982E-15  8.066E-15  7.432E-15  6.751E-15  6.126E-15  5.553E-15  5.028E-15  4.548E-15  4.110E-15  3.710E-15  3.345E-15  3.013E-15  2.711E-15  2.436E-15  2.187E-15  1.961E-15  1.756E-15  1.571E-15  1.404E-15  1.253E-15  1.117E-15  9.945E-16  8.845E-16  7.855E-16  6.969E-16  6.173E-16  5.462E-16  4.826E-16  4.259E-16  3.753E-16  3.304E-16
  284.5000  2.164E-12  2.037E-12  1.916E-12  1.800E-12  1.691E-12  1.587E-12  1.489E-12  1.395E-12  1.307E-12  1.224E-12  1.144E-12  1.070E-12  9.990E-13  9.324E-13  8.696E-13  8.105E-13  7.548E-13  7.024E-13  6.531E-13  6.068E-13  5.634E-13  5.227E-13  4.845E-13  4.488E-13  4.153E-13  3.840E-13  3.549E-13  3.276E-13  3.022E-13  2.785E-13  2.564E-13  2.360E-13  2.169E-13  1.933E-13  1.828E-13  1.676E-13  1.535E-13  1.405E-13  1.284E-13  1.173E-13  1.071E-13  9.759E-14  8.888E-14  8.088E-14  7.352E-14  6.676E-14  6.056E-14  5.488E-14  4.969E-14  4.493E-14  4.059E-14  3.663E-14  3.302E-14  2.973E-14  2.675E-14  2.403E-14  2.157E-14  1.933E-14  1.731E-14  1.548E-14  1.383E-14
  285.5000  1.316E-11  1.246E-11  1.178E-11  1.114E-11  1.053E-11  9.941E-12  9.381E-12  8.848E-12  8.340E-12  7.856E-12  7.395E-12  6.957E-12  6.541E-12  6.145E-12  5.770E-12  5.414E-12  5.076E-12  4.757E-12  4.454E-12  4.168E-12  3.897E-12  3.641E-12  3.400E-12  3.173E-12  2.958E-12  2.756E-12  2.566E-12  2.387E-12  2.219E-12  2.061E-12  1.913E-12  1.775E-12  1.645E-12  1.523E-12  1.409E-12  1.303E-12  1.203E-12  1.111E-12  1.024E-12  9.439E-13  8.689E-13  7.993E-13  7.346E-13  6.745E-13  6.188E-13  5.672E-13  5.194E-13  4.752E-13  4.344E-13  3.967E-13  3.619E-13  3.299E-13  3.004E-13  2.732E-13  2.483E-13  2.254E-13  2.045E-13  1.852E-13  1.677E-13  1.516E-13  1.369E-13
  286.5000  2.377E-10  2.260E-10  2.148E-10  2.040E-10  1.937E-10  1.837E-10  1.742E-10  1.651E-10  1.563E-10  1.480E-10  1.400E-10  1.324E-10  1.251E-10  1.181E-10  1.115E-10  1.051E-10  9.909E-11  9.334E-11  8.785E-11  8.268E-11  7.773E-11  7.304E-11  6.858E-11  6.435E-11  6.035E-11  5.655E-11  5.296E-11  4.956E-11  4.635E-11  4.332E-11  4.045E-11  3.775E-11  3.520E-11  3.280E-11  3.055E-11  2.842E-11  2.643E-11  2.455E-11  2.279E-11  2.114E-11  1.960E-11  1.815E-11  1.680E-11  1.553E-11  1.435E-11  1.325E-11  1.222E-11  1.126E-11  1.037E-11  9.544E-12  8.773E-12  8.058E-12  7.394E-12  6.779E-12  6.210E-12  5.683E-12  5.196E-12  4.746E-12  4.331E-12  3.948E-12  3.597E-12
  287.5000  2.184E-09  2.087E-09  1.993E-09  1.902E-09  1.815E-09  1.731E-09  1.650E-09  1.572E-09  1.497E-09  1.425E-09  1.355E-09  1.288E-09  1.224E-09  1.162E-09  1.103E-09  1.047E-09  9.923E-10  9.402E-10  8.904E-10  8.428E-10  7.973E-10  7.537E-10  7.122E-10  6.725E-10  6.346E-10  5.985E-10  5.642E-10  5.315E-10  5.003E-10  4.707E-10  4.426E-10  4.159E-10  3.905E-10  3.664E-10  3.436E-10  3.220E-10  3.016E-10  2.823E-10  2.640E-10  2.467E-10  2.304E-10  2.150E-10  2.005E-10  1.869E-10  1.740E-10  1.620E-10  1.506E-10  1.399E-10  1.299E-10  1.205E-10  1.117E-10  1.035E-10  9.579E-11  8.858E-11  8.186E-11  7.558E-11  6.972E-11  6.427E-11  5.919E-11  5.446E-11  5.007E-11
  288.5000  1.826E-08  1.755E-08  1.685E-08  1.617E-08  1.552E-08  1.488E-08  1.427E-08  1.367E-08  1.309E-08  1.253E-08  1.199E-08  1.147E-08  1.096E-08  1.048E-08  1.001E-08  9.551E-09  9.113E-09  8.691E-09  8.284E-09  7.892E-09  7.515E-09  7.152E-09  6.804E-09  6.469E-09  6.147E-09  5.838E-09  5.542E-09  5.257E-09  4.985E-09  4.724E-09  4.475E-09  4.236E-09  4.008E-09  3.789E-09  3.581E-09  3.382E-09  3.192E-09  3.012E-09  2.839E-09  2.675E-09  2.519E-09  2.370E-09  2.229E-09  2.095E-09  1.968E-09  1.847E-09  1.732E-09  1.624E-09  1.521E-09  1.424E-09  1.332E-09  1.246E-09  1.164E-09  1.086E-09  1.005E-09  9.447E-10  8.800E-10  8.192E-10  7.619E-10  7.082E-10  6.578E-10
  289.5000  1.446E-07  1.383E-07  1.344E-07  1.295E-07  1.248E-07  1.202E-07  1.156E-07  1.113E-07  1.070E-07  1.029E-07  9.885E-08  9.495E-08  9.116E-08  8.748E-08  8.392E-08  8.047E-08  7.713E-08  7.389E-08  7.076E-08  6.773E-08  6.480E-08  6.197E-08  5.923E-08  5.659E-08  5.404E-08  5.158E-08  4.921E-08  4.693E-08  4.473E-08  4.261E-08  4.057E-08  3.861E-08  3.673E-08  3.492E-08  3.318E-08  3.151E-08  2.991E-08  2.837E-08  2.690E-08  2.549E-08  2.415E-08  2.286E-08  2.162E-08  2.045E-08  1.932E-08  1.825E-08  1.723E-08  1.625E-08  1.532E-08  1.443E-08  1.359E-08  1.279E-08  1.203E-08  1.130E-08  1.062E-08  9.966E-09  9.349E-09  8.763E-09  8.209E-09  7.685E-09  7.190E-09
  290.5000  7.876E-07  7.621E-07  7.371E-07  7.126E-07  6.888E-07  6.655E-07  6.427E-07  6.205E-07  5.988E-07  5.777E-07  5.571E-07  5.371E-07  5.175E-07  4.985E-07  4.800E-07  4.620E-07  4.366E-07  4.275E-07  4.110E-07  3.949E-07  3.793E-07  3.642E-07  3.496E-07  3.353E-07  3.216E-07  3.082E-07  2.953E-07  2.828E-07  2.707E-07  2.590E-07  2.477E-07  2.368E-07  2.263E-07  2.161E-07  2.063E-07  1.968E-07  1.877E-07  1.789E-07  1.705E-07  1.624E-07  1.545E-07  1.470E-07  1.398E-07  1.328E-07  1.262E-07  1.198E-07  1.137E-07  1.078E-07  1.022E-07  9.679E-08  9.164E-08  8.671E-08  8.200E-08  7.751E-08  7.322E-08  6.912E-08  6.522E-08  6.150E-08  5.796E-08  5.458E-08  5.138E-08
  291.5000  3.514E-06  3.412E-06  3.313E-06  3.215E-06  3.119E-06  3.025E-06  2.933E-06  2.843E-06  2.754E-06  2.668E-06  2.583E-06  2.500E-06  2.419E-06  2.340E-06  2.263E-06  2.187E-06  2.114E-06  2.042E-06  1.971E-06  1.903E-06  1.836E-06  1.771E-06  1.707E-06  1.646E-06  1.585E-06  1.527E-06  1.470E-06  1.415E-06  1.361E-06  1.309E-06  1.258E-06  1.208E-06  1.161E-06  1.114E-06  1.069E-06  1.026E-06  9.833E-07  9.424E-07  9.028E-07  8.645E-07  8.274E-07  7.916E-07  7.570E-07  7.236E-07  6.913E-07  6.601E-07  6.301E-07  6.011E-07  5.733E-07  5.464E-07  5.205E-07  4.957E-07  4.717E-07  4.487E-07  4.267E-07  4.054E-07  3.851E-07  3.656E-07  3.468E-07  3.289E-07  3.117E-07
  292.5000  1.117E-05  1.088E-05  1.059E-05  1.031E-05  1.003E-05  9.763E-06  9.495E-06  9.233E-06  8.975E-06  8.722E-06  8.473E-06  8.229E-06  7.989E-06  7.754E-06  7.524E-06  7.298E-06  7.077E-06  6.861E-06  6.648E-06  6.441E-06  6.238E-06  6.039E-06  5.844E-06  5.654E-06  5.469E-06  5.237E-06  5.110E-06  4.937E-06  4.768E-06  4.604E-06  4.443E-06  4.287E-06  4.134E-06  3.986E-06  3.841E-06  3.700E-06  3.564E-06  3.430E-06  3.301E-06  3.175E-06  3.053E-06  2.934E-06  2.819E-06  2.707E-06  2.599E-06  2.494E-06  2.392E-06  2.293E-06  2.198E-06  2.105E-06  2.016E-06  1.929E-06  1.846E-06  1.765E-06  1.687E-06  1.612E-06  1.539E-06  1.469E-06  1.401E-06  1.336E-06  1.274E-06
  293.5000  4.184E-05  4.087E-05  3.991E-05  3.896E-05  3.803E-05  3.711E-05  3.620E-05  3.530E-05  3.442E-05  3.355E-05  3.270E-05  3.186E-05  3.103E-05  3.021E-05  2.862E-05  2.862E-05  2.785E-05  2.709E-05  2.634E-05  2.560E-05  2.488E-05  2.417E-05  2.348E-05  2.280E-05  2.213E-05  2.147E-05  2.083E-05  2.020E-05  1.958E-05  1.898E-05  1.839E-05  1.781E-05  1.724E-05  1.669E-05  1.615E-05  1.562E-05  1.511E-05  1.460E-05  1.411E-05  1.363E-05  1.316E-05  1.270E-05  1.226E-05  1.183E-05  1.140E-05  1.099E-05  1.059E-05  1.020E-05  9.822E-06  9.453E-06  9.095E-06  8.746E-06  8.408E-06  8.080E-06  7.762E-06  7.452E-06  7.153E-06  6.862E-06  6.581E-06  6.308E-06  6.045E-06
  294.5000  9.741E-05  9.536E-05  9.333E-05  9.028E-05  8.934E-05  8.738E-05  8.544E-05  8.352E-05  8.163E-05  7.977E-05  7.792E-05  7.610E-05  7.431E-05  7.254E-05  7.079E-05  6.908E-05  6.738E-05  6.571E-05  6.406E-05  6.244E-05  6.085E-05  5.928E-05  5.773E-05  5.621E-05  5.472E-05  5.325E-05  5.181E-05  5.039E-05  4.899E-05  4.762E-05  4.628E-05  4.496E-05  4.367E-05  4.240E-05  4.115E-05  3.993E-05  3.874E-05  3.757E-05  3.642E-05  3.530E-05  3.420E-05  3.313E-05  3.207E-05  3.105E-05  3.004E-05  2.906E-05  2.810E-05  2.716E-05  2.625E-05  2.536E-05  2.449E-05  2.364E-05  2.281E-05  2.200E-05  2.122E-05  2.045E-05  1.971E-05  1.899E-05  1.828E-05  1.760E-05  1.693E-05
  295.5000  3.037E-04  2.980E-04  2.923E-04  2.867E-04  2.812E-04  2.757E-04  2.703E-04  2.649E-04  2.595E-04  2.542E-04  2.490E-04  2.438E-04  2.387E-04  2.336E-04  2.286E-04  2.237E-04  2.188E-04  2.140E-04  2.092E-04  2.045E-04  1.999E-04  1.953E-04  1.907E-04  1.863E-04  1.819E-04  1.775E-04  1.732E-04  1.690E-04  1.649E-04  1.608E-04  1.567E-04  1.528E-04  1.488E-04  1.450E-04  1.412E-04  1.375E-04  1.338E-04  1.302E-04  1.267E-04  1.232E-04  1.198E-04  1.165E-04  1.132E-04  1.100E-04  1.068E-04  1.037E-04  1.006E-04  9.767E-05  9.475E-05  9.188E-05  8.908E-05  8.634E-05  8.365E-05  8.103E-05  7.846E-05  7.595E-05  7.349E-05  7.109E-05  6.875E-05  6.646E-05  6.423E-05
  296.5000  6.338E-04  6.231E-04  6.125E-04  6.020E-04  5.915E-04  5.811E-04  5.708E-04  5.606E-04  5.505E-04  5.404E-04  5.304E-04  5.205E-04  5.107E-04  5.010E-04  4.914E-04  4.818E-04  4.724E-04  4.630E-04  4.538E-04  4.446E-04  4.355E-04  4.266E-04  4.177E-04  4.089E-04  4.002E-04  3.916E-04  3.832E-04  3.748E-04  3.665E-04  3.584E-04  3.503E-04  3.423E-04  3.345E-04  3.267E-04  3.191E-04  3.115E-04  3.041E-04  2.968E-04  2.896E-04  2.824E-04  2.754E-04  2.685E-04  2.617E-04  2.551E-04  2.485E-04  2.420E-04  2.357E-04  2.294E-04  2.233E-04  2.172E-04  2.113E-04  2.055E-04  1.997E-04  1.941E-04  1.886E-04  1.832E-04  1.779E-04  1.727E-04  1.676E-04  1.626E-04  1.577E-04
  297.5000  1.421E-03  1.400E-03  1.379E-03  1.357E-03  1.336E-03  1.315E-03  1.294E-03  1.273E-03  1.252E-03  1.232E-03  1.211E-03  1.191E-03  1.171E-03  1.151E-03  1.131E-03  1.111E-03  1.091E-03  1.072E-03  1.053E-03  1.033E-03  1.015E-03  9.957E-04  9.771E-04  9.586E-04  9.403E-04  9.222E-04  9.043E-04  8.865E-04  8.689E-04  8.515E-04  8.343E-04  8.172E-04  8.004E-04  7.837E-04  7.672E-04  7.509E-04  7.348E-04  7.111E-04  7.032E-04  6.877E-04  6.724E-04  6.572E-04  6.423E-04  6.276E-04  6.130E-04  5.987E-04  5.846E-04  5.706E-04  5.569E-04  5.434E-04  5.300E-04  5.169E-04  5.040E-04  4.912E-04  4.787E-04  4.664E-04  4.543E-04  4.423E-04  4.306E-04  4.191E-04  4.078E-04
  298.5000  1.935E-03  1.908E-03  1.882E-03  1.855E-03  1.829E-03  1.803E-03  1.777E-03  1.751E-03  1.725E-03  1.699E-03  1.674E-03  1.648E-03  1.623E-03  1.598E-03  1.573E-03  1.548E-03  1.523E-03  1.498E-03  1.474E-03  1.450E-03  1.426E-03  1.402E-03  1.378E-03  1.354E-03  1.331E-03  1.308E-03  1.285E-03  1.262E-03  1.239E-03  1.217E-03  1.194E-03  1.172E-03  1.151E-03  1.129E-03  1.107E-03  1.086E-03  1.065E-03  1.044E-03  1.023E-03  1.003E-03  9.828E-04  9.628E-04  9.430E-04  9.235E-04  9.041E-04  8.850E-04  8.661E-04  8.474E-04  8.290E-04  8.108E-04  7.928E-04  7.750E-04  7.575E-04  7.402E-04  7.231E-04  7.063E-04  6.897E-04  6.734E-04  6.572E-04  6.414E-04  6.257E-04
  299.5000  4.892E-03  4.832E-03  4.771E-03  4.711E-03  4.650E-03  4.590E-03  4.530E-03  4.470E-03  4.411E-03  4.352E-03  4.293E-03  4.234E-03  4.175E-03  4.117E-03  4.058E-03  4.000E-03  3.943E-03  3.885E-03  3.828E-03  3.771E-03  3.715E-03  3.659E-03  3.603E-03  3.547E-03  3.492E-03  3.437E-03  3.383E-03  3.328E-03  3.274E-03  3.221E-03  3.168E-03  3.115E-03  3.063E-03  3.011E-03  2.959E-03  2.908E-03  2.857E-03  2.806E-03  2.756E-03  2.707E-03  2.658E-03  2.609E-03  2.561E-03  2.513E-03  2.466E-03  2.419E-03  2.372E-03  2.326E-03  2.281E-03  2.235E-03  2.191E-03  2.147E-03  2.103E-03  2.060E-03  2.017E-03  1.975E-03  1.911E-03  1.892E-03  1.851E-03  1.811E-03  1.771E-03
  300.5000  5.050E-03  4.992E-03  4.935E-03  4.877E-03  4.820E-03  4.763E-03  4.706E-03  4.649E-03  4.592E-03  4.536E-03  4.479E-03  4.423E-03  4.367E-03  4.310E-03  4.255E-03  4.199E-03  4.144E-03  4.088E-03  4.033E-03  3.978E-03  3.924E-03  3.869E-03  3.815E-03  3.761E-03  3.707E-03  3.654E-03  3.601E-03  3.548E-03  3.495E-03  3.443E-03  3.391E-03  3.339E-03  3.288E-03  3.237E-03  3.186E-03  3.135E-03  3.085E-03  3.035E-03  2.986E-03  2.937E-03  2.888E-03  2.839E-03  2.791E-03  2.743E-03  2.696E-03  2.649E-03  2.603E-03  2.556E-03  2.511E-03  2.465E-03  2.377E-03  2.375E-03  2.331E-03  2.287E-03  2.244E-03  2.201E-03  2.159E-03  2.116E-03  2.075E-03  2.033E-03  1.993E-03
  301.5000  1.113E-02  1.102E-02  1.090E-02  1.079E-02  1.067E-02  1.056E-02  1.045E-02  1.033E-02  1.022E-02  1.010E-02  9.990E-03  9.877E-03  9.764E-03  9.651E-03  9.538E-03  9.425E-03  9.313E-03  9.201E-03  9.090E-03  8.978E-03  8.867E-03  8.756E-03  8.646E-03  8.536E-03  8.426E-03  8.316E-03  8.207E-03  8.099E-03  7.991E-03  7.883E-03  7.776E-03  7.669E-03  7.562E-03  7.456E-03  7.351E-03  7.246E-03  7.142E-03  7.038E-03  6.935E-03  6.832E-03  6.730E-03  6.628E-03  6.527E-03  6.427E-03  6.327E-03  6.228E-03  6.129E-03  6.031E-03  5.934E-03  5.837E-03  5.742E-03  5.646E-03  5.552E-03  5.458E-03  5.365E-03  5.273E-03  5.181E-03  5.090E-03  5.000E-03  4.911E-03  4.822E-03
  302.5000  1.487E-02  1.473E-02  1.458E-02  1.444E-02  1.430E-02  1.416E-02  1.401E-02  1.387E-02  1.373E-02  1.359E-02  1.345E-02  1.331E-02  1.316E-02  1.302E-02  1.279E-02  1.274E-02  1.260E-02  1.246E-02  1.232E-02  1.218E-02  1.204E-02  1.190E-02  1.176E-02  1.162E-02  1.148E-02  1.134E-02  1.121E-02  1.107E-02  1.093E-02  1.079E-02  1.066E-02  1.052E-02  1.039E-02  1.025E-02  1.008E-02  9.983E-03  9.850E-03  9.717E-03  9.585E-03  9.453E-03  9.322E-03  9.191E-03  9.061E-03  8.932E-03  8.804E-03  8.676E-03  8.549E-03  8.422E-03  8.297E-03  8.171E-03  8.047E-03  7.924E-03  7.801E-03  7.679E-03  7.557E-03  7.437E-03  7.317E-03  7.199E-03  7.080E-03  6.963E-03  6.847E-03
  303.5000  2.753E-02  2.729E-02  2.705E-02  2.681E-02  2.657E-02  2.633E-02  2.609E-02  2.585E-02  2.561E-02  2.537E-02  2.513E-02  2.489E-02  2.465E-02  2.440E-02  2.416E-02  2.392E-02  2.368E-02  2.344E-02  2.320E-02  2.296E-02  2.272E-02  2.248E-02  2.224E-02  2.201E-02  2.177E-02  2.153E-02  2.129E-02  2.105E-02  2.082E-02  2.058E-02  2.034E-02  2.011E-02  1.987E-02  1.964E-02  1.941E-02  1.917E-02  1.894E-02  1.871E-02  1.848E-02  1.825E-02  1.802E-02  1.779E-02  1.756E-02  1.733E-02  1.711E-02  1.688E-02  1.666E-02  1.643E-02  1.621E-02  1.599E-02  1.577E-02  1.555E-02  1.533E-02  1.511E-02  1.490E-02  1.468E-02  1.447E-02  1.426E-02  1.405E-02  1.383E-02  1.363E-02
  304.5000  3.160E-02  3.134E-02  3.108E-02  3.082E-02  3.056E-02  3.030E-02  3.004E-02  2.978E-02  2.952E-02  2.926E-02  2.900E-02  2.873E-02  2.847E-02  2.821E-02  2.795E-02  2.768E-02  2.742E-02  2.716E-02  2.690E-02  2.664E-02  2.637E-02  2.611E-02  2.585E-02  2.559E-02  2.533E-02  2.507E-02  2.481E-02  2.455E-02  2.429E-02  2.403E-02  2.377E-02  2.351E-02  2.325E-02  2.299E-02  2.273E-02  2.248E-02  2.222E-02  2.197E-02  2.171E-02  2.146E-02  2.120E-02  2.095E-02  2.070E-02  2.044E-02  2.019E-02  1.994E-02  1.969E-02  1.945E-02  1.920E-02  1.895E-02  1.870E-02  1.846E-02  1.822E-02  1.797E-02  1.773E-02  1.749E-02  1.725E-02  1.701E-02  1.678E-02  1.654E-02  1.630E-02
  305.5000  4.483E-02  4.450E-02  4.416E-02  4.383E-02  4.349E-02  4.315E-02  4.282E-02  4.248E-02  4.214E-02  4.180E-02  4.146E-02  4.112E-02  4.078E-02  4.044E-02  4.010E-02  3.975E-02  3.941E-02  3.907E-02  3.873E-02  3.838E-02  3.804E-02  3.770E-02  3.736E-02  3.701E-02  3.667E-02  3.633E-02  3.598E-02  3.564E-02  3.530E-02  3.496E-02  3.461E-02  3.427E-02  3.393E-02  3.359E-02  3.325E-02  3.291E-02  3.257E-02  3.222E-02  3.189E-02  3.155E-02  3.121E-02  3.087E-02  3.053E-02  3.020E-02  2.986E-02  2.952E-02  2.919E-02  2.886E-02  2.852E-02  2.819E-02  2.786E-02  2.753E-02  2.720E-02  2.687E-02  2.655E-02  2.622E-02  2.589E-02  2.557E-02  2.525E-02  2.493E-02  2.461E-02
  306.5000  4.832E-02  4.798E-02  4.763E-02  4.729E-02  4.694E-02  4.659E-02  4.624E-02  4.589E-02  4.554E-02  4.519E-02  4.484E-02  4.449E-02  4.413E-02  4.378E-02  4.343E-02  4.307E-02  4.272E-02  4.236E-02  4.201E-02  4.165E-02  4.130E-02  4.094E-02  4.059E-02  4.023E-02  3.987E-02  3.952E-02  3.916E-02  3.880E-02  3.845E-02  3.809E-02  3.773E-02  3.697E-02  3.702E-02  3.666E-02  3.631E-02  3.595E-02  3.560E-02  3.524E-02  3.489E-02  3.453E-02  3.418E-02  3.382E-02  3.347E-02  3.312E-02  3.277E-02  3.241E-02  3.206E-02  3.171E-02  3.136E-02  3.101E-02  3.067E-02  3.032E-02  2.997E-02  2.963E-02  2.928E-02  2.894E-02  2.860E-02  2.826E-02  2.791E-02  2.758E-02  2.724E-02
  307.5000  7.396E-02  7.348E-02  7.299E-02  7.251E-02  7.202E-02  7.154E-02  7.105E-02  7.056E-02  7.006E-02  6.957E-02  6.908E-02  6.858E-02  6.808E-02  6.759E-02  6.709E-02  6.659E-02  6.609E-02  6.559E-02  6.508E-02  6.458E-02  6.408E-02  6.357E-02  6.307E-02  6.256E-02  6.206E-02  6.155E-02  6.104E-02  6.053E-02  6.003E-02  5.952E-02  5.901E-02  5.850E-02  5.799E-02  5.748E-02  5.697E-02  5.647E-02  5.596E-02  5.545E-02  5.494E-02  5.443E-02  5.392E-02  5.341E-02  5.291E-02  5.240E-02  5.189E-02  5.138E-02  5.088E-02  5.037E-02  4.987E-02  4.936E-02  4.886E-02  4.835E-02  4.785E-02  4.735E-02  4.685E-02  4.635E-02  4.585E-02  4.535E-02  4.486E-02  4.436E-02  4.386E-02
  308.5000  8.478E-02  8.425E-02  8.371E-02  8.318E-02  8.264E-02  8.210E-02  8.156E-02  8.102E-02  8.047E-02  7.993E-02  7.938E-02  7.883E-02  7.828E-02  7.773E-02  7.718E-02  7.662E-02  7.607E-02  7.551E-02  7.495E-02  7.440E-02  7.384E-02  7.328E-02  7.272E-02  7.216E-02  7.159E-02  7.103E-02  7.047E-02  6.990E-02  6.934E-02  6.877E-02  6.800E-02  6.764E-02  6.708E-02  6.651E-02  6.594E-02  6.537E-02  6.481E-02  6.424E-02  6.367E-02  6.311E-02  6.254E-02  6.197E-02  6.140E-02  6.084E-02  6.027E-02  5.970E-02  5.914E-02  5.857E-02  5.801E-02  5.743E-02  5.688E-02  5.631E-02  5.575E-02  5.519E-02  5.463E-02  5.407E-02  5.351E-02  5.295E-02  5.239E-02  5.183E-02  5.128E-02
  309.5000  7.773E-02  7.728E-02  7.682E-02  7.636E-02  7.589E-02  7.543E-02  7.496E-02  7.450E-02  7.403E-02  7.356E-02  7.309E-02  7.262E-02  7.214E-02  7.167E-02  7.119E-02  7.071E-02  7.024E-02  6.976E-02  6.927E-02  6.879E-02  6.831E-02  6.783E-02  6.734E-02  6.685E-02  6.637E-02  6.588E-02  6.539E-02  6.490E-02  6.441E-02  6.392E-02  6.343E-02  6.294E-02  6.245E-02  6.196E-02  6.146E-02  6.097E-02  6.048E-02  5.989E-02  5.949E-02  5.899E-02  5.850E-02  5.800E-02  5.751E-02  5.701E-02  5.652E-02  5.602E-02  5.553E-02  5.503E-02  5.454E-02  5.404E-02  5.355E-02  5.305E-02  5.256E-02  5.206E-02  5.157E-02  5.108E-02  5.059E-02  5.009E-02  4.960E-02  4.911E-02  4.862E-02
  310.5000  1.089E-01  1.083E-01  1.077E-01  1.071E-01  1.065E-01  1.056E-01  1.052E-01  1.046E-01  1.040E-01  1.033E-01  1.027E-01  1.021E-01  1.015E-01  1.008E-01  1.002E-01  9.954E-02  9.889E-02  9.826E-02  9.762E-02  9.697E-02  9.633E-02  9.568E-02  9.503E-02  9.438E-02  9.372E-02  9.307E-02  9.242E-02  9.176E-02  9.110E-02  9.044E-02  8.978E-02  8.912E-02  8.846E-02  8.780E-02  8.714E-02  8.647E-02  8.581E-02  8.515E-02  8.448E-02  8.381E-02  8.315E-02  8.248E-02  8.181E-02  8.114E-02  8.047E-02  7.980E-02  7.914E-02  7.847E-02  7.780E-02  7.713E-02  7.646E-02  7.579E-02  7.512E-02  7.445E-02  7.378E-02  7.312E-02  7.245E-02  7.178E-02  7.111E-02  7.044E-02  6.978E-02
  311.5000  1.429E-01  1.421E-01  1.413E-01  1.405E-01  1.398E-01  1.390E-01  1.382E-01  1.374E-01  1.366E-01  1.358E-01  1.350E-01  1.342E-01  1.334E-01  1.326E-01  1.318E-01  1.310E-01  1.302E-01  1.294E-01  1.285E-01  1.277E-01  1.269E-01  1.261E-01  1.252E-01  1.244E-01  1.236E-01  1.228E-01  1.219E-01  1.211E-01  1.202E-01  1.194E-01  1.186E-01  1.177E-01  1.169E-01  1.160E-01  1.152E-01  1.144E-01  1.135E-01  1.127E-01  1.118E-01  1.104E-01  1.101E-01  1.093E-01  1.084E-01  1.075E-01  1.067E-01  1.058E-01  1.050E-01  1.041E-01  1.033E-01  1.024E-01  1.016E-01  1.007E-01  9.984E-02  9.899E-02  9.813E-02  9.728E-02  9.642E-02  9.556E-02  9.471E-02  9.385E-02  9.299E-02
  312.5000  1.440E-01  1.433E-01  1.426E-01  1.418E-01  1.411E-01  1.403E-01  1.396E-01  1.388E-01  1.381E-01  1.373E-01  1.366E-01  1.358E-01  1.351E-01  1.343E-01  1.335E-01  1.328E-01  1.320E-01  1.312E-01  1.304E-01  1.297E-01  1.289E-01  1.281E-01  1.273E-01  1.265E-01  1.245E-01  1.249E-01  1.242E-01  1.234E-01  1.226E-01  1.218E-01  1.210E-01  1.202E-01  1.194E-01  1.185E-01  1.177E-01  1.169E-01  1.161E-01  1.153E-01  1.145E-01  1.137E-01  1.129E-01  1.121E-01  1.112E-01  1.104E-01  1.096E-01  1.088E-01  1.080E-01  1.071E-01  1.063E-01  1.055E-01  1.047E-01  1.038E-01  1.030E-01  1.022E-01  1.014E-01  1.005E-01  9.972E-02  9.890E-02  9.807E-02  9.725E-02  9.642E-02
  313.5000  1.648E-01  1.639E-01  1.631E-01  1.623E-01  1.615E-01  1.606E-01  1.598E-01  1.590E-01  1.581E-01  1.573E-01  1.564E-01  1.556E-01  1.547E-01  1.538E-01  1.530E-01  1.521E-01  1.512E-01  1.504E-01  1.495E-01  1.486E-01  1.477E-01  1.469E-01  1.460E-01  1.451E-01  1.442E-01  1.433E-01  1.424E-01  1.415E-01  1.406E-01  1.397E-01  1.388E-01  1.379E-01  1.370E-01  1.361E-01  1.352E-01  1.343E-01  1.333E-01  1.324E-01  1.315E-01  1.304E-01  1.297E-01  1.288E-01  1.278E-01  1.269E-01  1.260E-01  1.251E-01  1.241E-01  1.232E-01  1.223E-01  1.213E-01  1.204E-01  1.195E-01  1.185E-01  1.176E-01  1.158E-01  1.158E-01  1.148E-01  1.139E-01  1.130E-01  1.120E-01  1.111E-01
  314.5000  1.693E-01  1.685E-01  1.677E-01  1.669E-01  1.661E-01  1.653E-01  1.645E-01  1.636E-01  1.628E-01  1.620E-01  1.612E-01  1.603E-01  1.595E-01  1.587E-01  1.578E-01  1.570E-01  1.562E-01  1.553E-01  1.545E-01  1.536E-01  1.527E-01  1.519E-01  1.510E-01  1.502E-01  1.493E-01  1.484E-01  1.476E-01  1.467E-01  1.458E-01  1.449E-01  1.441E-01  1.432E-01  1.423E-01  1.414E-01  1.405E-01  1.396E-01  1.387E-01  1.378E-01  1.369E-01  1.360E-01  1.351E-01  1.342E-01  1.333E-01  1.324E-01  1.315E-01  1.306E-01  1.297E-01  1.288E-01  1.279E-01  1.270E-01  1.261E-01  1.252E-01  1.242E-01  1.233E-01  1.224E-01  1.215E-01  1.206E-01  1.197E-01  1.187E-01  1.178E-01  1.169E-01
  315.5000  1.758E-01  1.750E-01  1.742E-01  1.733E-01  1.725E-01  1.717E-01  1.709E-01  1.700E-01  1.692E-01  1.683E-01  1.675E-01  1.666E-01  1.658E-01  1.649E-01  1.641E-01  1.632E-01  1.623E-01  1.615E-01  1.606E-01  1.597E-01  1.588E-01  1.579E-01  1.571E-01  1.562E-01  1.553E-01  1.544E-01  1.535E-01  1.526E-01  1.517E-01  1.508E-01  1.499E-01  1.490E-01  1.481E-01  1.472E-01  1.462E-01  1.453E-01  1.444E-01  1.435E-01  1.426E-01  1.416E-01  1.407E-01  1.398E-01  1.389E-01  1.379E-01  1.370E-01  1.361E-01  1.351E-01  1.342E-01  1.333E-01  1.323E-01  1.314E-01  1.304E-01  1.295E-01  1.286E-01  1.276E-01  1.267E-01  1.257E-01  1.248E-01  1.238E-01  1.229E-01  1.219E-01
  316.5000  1.788E-01  1.781E-01  1.773E-01  1.765E-01  1.757E-01  1.748E-01  1.740E-01  1.732E-01  1.724E-01  1.716E-01  1.708E-01  1.700E-01  1.691E-01  1.683E-01  1.675E-01  1.666E-01  1.658E-01  1.649E-01  1.641E-01  1.632E-01  1.624E-01  1.615E-01  1.607E-01  1.598E-01  1.589E-01  1.581E-01  1.572E-01  1.563E-01  1.554E-01  1.546E-01  1.537E-01  1.528E-01  1.519E-01  1.510E-01  1.501E-01  1.492E-01  1.483E-01  1.474E-01  1.465E-01  1.456E-01  1.447E-01  1.438E-01  1.429E-01  1.420E-01  1.411E-01  1.402E-01  1.393E-01  1.384E-01  1.374E-01  1.365E-01  1.356E-01  1.347E-01  1.338E-01  1.328E-01  1.319E-01  1.310E-01  1.301E-01  1.291E-01  1.282E-01  1.273E-01  1.264E-01
  317.5000  2.532E-01  2.521E-01  2.510E-01  2.499E-01  2.487E-01  2.476E-01  2.465E-01  2.453E-01  2.442E-01  2.430E-01  2.418E-01  2.407E-01  2.395E-01  2.383E-01  2.371E-01  2.360E-01  2.348E-01  2.336E-01  2.324E-01  2.312E-01  2.300E-01  2.287E-01  2.275E-01  2.263E-01  2.251E-01  2.239E-01  2.226E-01  2.214E-01  2.202E-01  2.189E-01  2.177E-01  2.164E-01  2.152E-01  2.139E-01  2.126E-01  2.114E-01  2.101E-01  2.088E-01  2.076E-01  2.061E-01  2.050E-01  2.037E-01  2.025E-01  2.012E-01  1.999E-01  1.986E-01  1.973E-01  1.960E-01  1.947E-01  1.934E-01  1.921E-01  1.908E-01  1.895E-01  1.882E-01  1.869E-01  1.856E-01  1.843E-01  1.830E-01  1.816E-01  1.803E-01  1.790E-01
  318.5000  2.030E-01  2.022E-01  2.013E-01  2.005E-01  1.996E-01  1.987E-01  1.978E-01  1.970E-01  1.961E-01  1.952E-01  1.943E-01  1.934E-01  1.925E-01  1.916E-01  1.907E-01  1.898E-01  1.889E-01  1.880E-01  1.871E-01  1.861E-01  1.852E-01  1.843E-01  1.833E-01  1.824E-01  1.815E-01  1.805E-01  1.796E-01  1.786E-01  1.777E-01  1.767E-01  1.758E-01  1.748E-01  1.738E-01  1.729E-01  1.719E-01  1.709E-01  1.700E-01  1.690E-01  1.680E-01  1.670E-01  1.661E-01  1.651E-01  1.641E-01  1.631E-01  1.621E-01  1.611E-01  1.601E-01  1.591E-01  1.581E-01  1.571E-01  1.561E-01  1.551E-01  1.541E-01  1.531E-01  1.521E-01  1.511E-01  1.500E-01  1.490E-01  1.480E-01  1.470E-01  1.460E-01
  319.5000  2.489E-01  2.478E-01  2.468E-01  2.457E-01  2.447E-01  2.436E-01  2.426E-01  2.415E-01  2.404E-01  2.394E-01  2.383E-01  2.372E-01  2.354E-01  2.350E-01  2.339E-01  2.328E-01  2.317E-01  2.306E-01  2.295E-01  2.284E-01  2.272E-01  2.261E-01  2.250E-01  2.238E-01  2.227E-01  2.215E-01  2.204E-01  2.193E-01  2.181E-01  2.169E-01  2.158E-01  2.146E-01  2.134E-01  2.123E-01  2.111E-01  2.099E-01  2.087E-01  2.075E-01  2.064E-01  2.052E-01  2.040E-01  2.028E-01  2.016E-01  2.004E-01  1.992E-01  1.980E-01  1.967E-01  1.955E-01  1.943E-01  1.931E-01  1.919E-01  1.906E-01  1.894E-01  1.882E-01  1.870E-01  1.857E-01  1.845E-01  1.833E-01  1.820E-01  1.808E-01  1.796E-01
  320.5000  3.044E-01  3.031E-01  3.019E-01  3.006E-01  2.993E-01  2.981E-01  2.968E-01  2.955E-01  2.942E-01  2.929E-01  2.916E-01  2.903E-01  2.890E-01  2.876E-01  2.863E-01  2.850E-01  2.836E-01  2.823E-01  2.810E-01  2.796E-01  2.782E-01  2.769E-01  2.755E-01  2.741E-01  2.728E-01  2.714E-01  2.700E-01  2.686E-01  2.672E-01  2.658E-01  2.644E-01  2.630E-01  2.616E-01  2.601E-01  2.587E-01  2.573E-01  2.559E-01  2.544E-01  2.530E-01  2.515E-01  2.501E-01  2.486E-01  2.472E-01  2.457E-01  2.443E-01  2.428E-01  2.414E-01  2.399E-01  2.384E-01  2.369E-01  2.355E-01  2.340E-01  2.325E-01  2.310E-01  2.295E-01  2.280E-01  2.265E-01  2.250E-01  2.235E-01  2.221E-01  2.205E-01
  321.5000  2.628E-01  2.618E-01  2.607E-01  2.597E-01  2.586E-01  2.576E-01  2.565E-01  2.555E-01  2.544E-01  2.533E-01  2.523E-01  2.512E-01  2.501E-01  2.490E-01  2.479E-01  2.468E-01  2.457E-01  2.446E-01  2.435E-01  2.424E-01  2.412E-01  2.401E-01  2.390E-01  2.378E-01  2.367E-01  2.355E-01  2.344E-01  2.333E-01  2.321E-01  2.309E-01  2.298E-01  2.286E-01  2.274E-01  2.263E-01  2.251E-01  2.239E-01  2.227E-01  2.215E-01  2.203E-01  2.191E-01  2.179E-01  2.167E-01  2.155E-01  2.143E-01  2.131E-01  2.119E-01  2.107E-01  2.094E-01  2.082E-01  2.070E-01  2.058E-01  2.046E-01  2.033E-01  2.021E-01  2.007E-01  1.996E-01  1.984E-01  1.971E-01  1.959E-01  1.946E-01  1.934E-01
  322.5000  2.618E-01  2.607E-01  2.596E-01  2.586E-01  2.575E-01  2.564E-01  2.553E-01  2.542E-01  2.531E-01  2.520E-01  2.509E-01  2.498E-01  2.487E-01  2.476E-01  2.464E-01  2.453E-01  2.442E-01  2.430E-01  2.419E-01  2.407E-01  2.396E-01  2.384E-01  2.372E-01  2.361E-01  2.349E-01  2.337E-01  2.325E-01  2.314E-01  2.302E-01  2.290E-01  2.278E-01  2.260E-01  2.254E-01  2.242E-01  2.230E-01  2.218E-01  2.205E-01  2.193E-01  2.181E-01  2.169E-01  2.156E-01  2.144E-01  2.132E-01  2.119E-01  2.107E-01  2.094E-01  2.082E-01  2.069E-01  2.057E-01  2.044E-01  2.032E-01  2.019E-01  2.007E-01  1.994E-01  1.981E-01  1.969E-01  1.956E-01  1.943E-01  1.930E-01  1.918E-01  1.905E-01
  323.5000  2.749E-01  2.739E-01  2.728E-01  2.718E-01  2.707E-01  2.696E-01  2.685E-01  2.674E-01  2.664E-01  2.653E-01  2.642E-01  2.630E-01  2.619E-01  2.605E-01  2.597E-01  2.586E-01  2.574E-01  2.563E-01  2.552E-01  2.540E-01  2.529E-01  2.517E-01  2.506E-01  2.494E-01  2.482E-01  2.470E-01  2.459E-01  2.447E-01  2.435E-01  2.423E-01  2.411E-01  2.400E-01  2.387E-01  2.375E-01  2.364E-01  2.351E-01  2.339E-01  2.327E-01  2.315E-01  2.303E-01  2.290E-01  2.278E-01  2.265E-01  2.253E-01  2.241E-01  2.228E-01  2.216E-01  2.203E-01  2.191E-01  2.178E-01  2.166E-01  2.153E-01  2.140E-01  2.128E-01  2.115E-01  2.101E-01  2.089E-01  2.077E-01  2.064E-01  2.051E-01  2.038E-01
  324.5000  3.221E-01  3.216E-01  3.203E-01  3.191E-01  3.178E-01  3.165E-01  3.153E-01  3.140E-01  3.127E-01  3.114E-01  3.101E-01  3.088E-01  3.075E-01  3.062E-01  3.049E-01  3.036E-01  3.022E-01  3.009E-01  2.996E-01  2.982E-01  2.969E-01  2.955E-01  2.942E-01  2.928E-01  2.914E-01  2.901E-01  2.887E-01  2.873E-01  2.859E-01  2.845E-01  2.831E-01  2.817E-01  2.803E-01  2.789E-01  2.774E-01  2.760E-01  2.746E-01  2.731E-01  2.717E-01  2.703E-01  2.688E-01  2.674E-01  2.659E-01  2.645E-01  2.630E-01  2.616E-01  2.601E-01  2.587E-01  2.572E-01  2.556E-01  2.542E-01  2.527E-01  2.512E-01  2.497E-01  2.483E-01  2.467E-01  2.453E-01  2.438E-01  2.423E-01  2.407E-01  2.392E-01
  325.5000  3.614E-01  3.600E-01  3.586E-01  3.572E-01  3.558E-01  3.543E-01  3.529E-01  3.515E-01  3.500E-01  3.486E-01  3.471E-01  3.457E-01  3.442E-01  3.427E-01  3.412E-01  3.397E-01  3.382E-01  3.367E-01  3.352E-01  3.337E-01  3.322E-01  3.307E-01  3.291E-01  3.276E-01  3.261E-01  3.245E-01  3.230E-01  3.214E-01  3.198E-01  3.183E-01  3.167E-01  3.151E-01  3.135E-01  3.119E-01  3.103E-01  3.087E-01  3.071E-01  3.055E-01  3.039E-01  3.023E-01  3.006E-01  2.990E-01  2.974E-01  2.957E-01  2.941E-01  2.924E-01  2.908E-01  2.891E-01  2.875E-01  2.858E-01  2.841E-01  2.825E-01  2.808E-01  2.791E-01  2.774E-01  2.758E-01  2.740E-01  2.723E-01  2.707E-01  2.690E-01  2.672E-01
  326.5000  4.428E-01  4.412E-01  4.395E-01  4.378E-01  4.362E-01  4.345E-01  4.328E-01  4.311E-01  4.295E-01  4.278E-01  4.260E-01  4.243E-01  4.226E-01  4.207E-01  4.190E-01  4.173E-01  4.155E-01  4.138E-01  4.120E-01  4.102E-01  4.084E-01  4.066E-01  4.048E-01  4.030E-01  4.012E-01  3.993E-01  3.975E-01  3.957E-01  3.938E-01  3.920E-01  3.901E-01  3.882E-01  3.864E-01  3.845E-01  3.826E-01  3.807E-01  3.788E-01  3.769E-01  3.750E-01  3.731E-01  3.711E-01  3.692E-01  3.673E-01  3.654E-01  3.634E-01  3.615E-01  3.595E-01  3.575E-01  3.556E-01  3.536E-01  3.516E-01  3.497E-01  3.477E-01  3.457E-01  3.437E-01  3.417E-01  3.397E-01  3.377E-01  3.357E-01  3.337E-01  3.317E-01
  327.5000  4.112E-01  4.098E-01  4.083E-01  4.067E-01  4.051E-01  4.035E-01  4.020E-01  4.004E-01  3.988E-01  3.972E-01  3.956E-01  3.939E-01  3.920E-01  3.907E-01  3.890E-01  3.874E-01  3.857E-01  3.841E-01  3.822E-01  3.807E-01  3.791E-01  3.773E-01  3.757E-01  3.740E-01  3.722E-01  3.705E-01  3.688E-01  3.671E-01  3.654E-01  3.636E-01  3.618E-01  3.601E-01  3.584E-01  3.566E-01  3.548E-01  3.530E-01  3.512E-01  3.494E-01  3.476E-01  3.459E-01  3.441E-01  3.422E-01  3.404E-01  3.386E-01  3.368E-01  3.350E-01  3.331E-01  3.313E-01  3.294E-01  3.276E-01  3.257E-01  3.239E-01  3.220E-01  3.202E-01  3.183E-01  3.164E-01  3.146E-01  3.127E-01  3.108E-01  3.089E-01  3.070E-01
  328.5000  3.802E-01  3.788E-01  3.774E-01  3.759E-01  3.745E-01  3.730E-01  3.716E-01  3.701E-01  3.687E-01  3.672E-01  3.657E-01  3.642E-01  3.627E-01  3.612E-01  3.597E-01  3.581E-01  3.567E-01  3.551E-01  3.535E-01  3.520E-01  3.505E-01  3.489E-01  3.473E-01  3.458E-01  3.442E-01  3.426E-01  3.410E-01  3.394E-01  3.378E-01  3.362E-01  3.345E-01  3.330E-01  3.313E-01  3.297E-01  3.281E-01  3.264E-01  3.247E-01  3.231E-01  3.215E-01  3.198E-01  3.181E-01  3.165E-01  3.148E-01  3.131E-01  3.114E-01  3.098E-01  3.081E-01  3.064E-01  3.047E-01  3.030E-01  3.012E-01  2.995E-01  2.978E-01  2.961E-01  2.944E-01  2.926E-01  2.909E-01  2.892E-01  2.874E-01  2.857E-01  2.840E-01
  329.5000  4.972E-01  4.954E-01  4.935E-01  4.917E-01  4.899E-01  4.881E-01  4.862E-01  4.843E-01  4.825E-01  4.806E-01  4.787E-01  4.768E-01  4.749E-01  4.730E-01  4.711E-01  4.691E-01  4.672E-01  4.653E-01  4.633E-01  4.613E-01  4.594E-01  4.574E-01  4.554E-01  4.534E-01  4.514E-01  4.494E-01  4.474E-01  4.453E-01  4.433E-01  4.413E-01  4.392E-01  4.372E-01  4.351E-01  4.330E-01  4.309E-01  4.289E-01  4.268E-01  4.247E-01  4.226E-01  4.204E-01  4.183E-01  4.162E-01  4.141E-01  4.119E-01  4.098E-01  4.076E-01  4.055E-01  4.033E-01  4.012E-01  3.990E-01  3.968E-01  3.946E-01  3.924E-01  3.903E-01  3.881E-01  3.859E-01  3.837E-01  3.814E-01  3.792E-01  3.770E-01  3.748E-01
  330.5000  4.511E-01  4.493E-01  4.477E-01  4.461E-01  4.444E-01  4.427E-01  4.410E-01  4.393E-01  4.376E-01  4.359E-01  4.341E-01  4.324E-01  4.307E-01  4.289E-01  4.271E-01  4.254E-01  4.236E-01  4.218E-01  4.200E-01  4.182E-01  4.164E-01  4.146E-01  4.128E-01  4.109E-01  4.091E-01  4.072E-01  4.054E-01  4.035E-01  4.017E-01  3.998E-01  3.979E-01  3.960E-01  3.941E-01  3.922E-01  3.903E-01  3.884E-01  3.865E-01  3.846E-01  3.827E-01  3.807E-01  3.788E-01  3.768E-01  3.749E-01  3.729E-01  3.710E-01  3.690E-01  3.670E-01  3.650E-01  3.631E-01  3.611E-01  3.591E-01  3.571E-01  3.551E-01  3.531E-01  3.510E-01  3.490E-01  3.470E-01  3.450E-01  3.430E-01  3.409E-01  3.389E-01
  331.5000  4.459E-01  4.443E-01  4.426E-01  4.410E-01  4.393E-01  4.376E-01  4.360E-01  4.342E-01  4.326E-01  4.309E-01  4.291E-01  4.274E-01  4.257E-01  4.240E-01  4.222E-01  4.205E-01  4.187E-01  4.169E-01  4.152E-01  4.134E-01  4.116E-01  4.098E-01  4.080E-01  4.062E-01  4.044E-01  4.025E-01  4.007E-01  3.989E-01  3.970E-01  3.952E-01  3.933E-01  3.914E-01  3.896E-01  3.877E-01  3.858E-01  3.839E-01  3.820E-01  3.801E-01  3.782E-01  3.763E-01  3.744E-01  3.724E-01  3.705E-01  3.686E-01  3.666E-01  3.647E-01  3.627E-01  3.608E-01  3.588E-01  3.568E-01  3.548E-01  3.529E-01  3.509E-01  3.489E-01  3.469E-01  3.449E-01  3.429E-01  3.409E-01  3.389E-01  3.369E-01  3.349E-01
  332.5000  4.418E-01  4.402E-01  4.386E-01  4.370E-01  4.354E-01  4.338E-01  4.321E-01  4.305E-01  4.289E-01  4.272E-01  4.256E-01  4.239E-01  4.222E-01  4.205E-01  4.188E-01  4.171E-01  4.154E-01  4.137E-01  4.120E-01  4.103E-01  4.085E-01  4.068E-01  4.051E-01  4.033E-01  4.015E-01  3.998E-01  3.980E-01  3.962E-01  3.944E-01  3.926E-01  3.908E-01  3.890E-01  3.872E-01  3.854E-01  3.835E-01  3.817E-01  3.799E-01  3.780E-01  3.762E-01  3.743E-01  3.724E-01  3.706E-01  3.687E-01  3.668E-01  3.649E-01  3.630E-01  3.611E-01  3.592E-01  3.573E-01  3.554E-01  3.535E-01  3.516E-01  3.496E-01  3.477E-01  3.458E-01  3.438E-01  3.419E-01  3.399E-01  3.380E-01  3.360E-01  3.341E-01
  333.5000  4.146E-01  4.131E-01  4.116E-01  4.101E-01  4.086E-01  4.070E-01  4.055E-01  4.039E-01  4.024E-01  4.008E-01  3.993E-01  3.977E-01  3.961E-01  3.945E-01  3.929E-01  3.913E-01  3.897E-01  3.881E-01  3.865E-01  3.848E-01  3.832E-01  3.815E-01  3.799E-01  3.782E-01  3.765E-01  3.749E-01  3.732E-01  3.715E-01  3.698E-01  3.681E-01  3.664E-01  3.647E-01  3.630E-01  3.613E-01  3.595E-01  3.578E-01  3.560E-01  3.543E-01  3.525E-01  3.508E-01  3.490E-01  3.473E-01  3.455E-01  3.437E-01  3.419E-01  3.401E-01  3.383E-01  3.365E-01  3.347E-01  3.329E-01  3.311E-01  3.293E-01  3.275E-01  3.257E-01  3.238E-01  3.220E-01  3.202E-01  3.183E-01  3.165E-01  3.146E-01  3.128E-01
  334.5000  4.642E-01  4.625E-01  4.608E-01  4.591E-01  4.574E-01  4.557E-01  4.540E-01  4.523E-01  4.506E-01  4.488E-01  4.471E-01  4.453E-01  4.436E-01  4.418E-01  4.400E-01  4.382E-01  4.364E-01  4.346E-01  4.328E-01  4.310E-01  4.292E-01  4.274E-01  4.255E-01  4.237E-01  4.218E-01  4.199E-01  4.181E-01  4.162E-01  4.143E-01  4.124E-01  4.105E-01  4.086E-01  4.067E-01  4.048E-01  4.029E-01  4.009E-01  3.990E-01  3.970E-01  3.951E-01  3.931E-01  3.912E-01  3.892E-01  3.872E-01  3.852E-01  3.833E-01  3.813E-01  3.793E-01  3.773E-01  3.753E-01  3.732E-01  3.712E-01  3.692E-01  3.672E-01  3.651E-01  3.631E-01  3.611E-01  3.590E-01  3.570E-01  3.549E-01  3.528E-01  3.508E-01
  335.5000  4.720E-01  4.703E-01  4.686E-01  4.669E-01  4.652E-01  4.635E-01  4.618E-01  4.601E-01  4.583E-01  4.566E-01  4.548E-01  4.531E-01  4.513E-01  4.495E-01  4.477E-01  4.459E-01  4.441E-01  4.423E-01  4.405E-01  4.387E-01  4.368E-01  4.350E-01  4.331E-01  4.313E-01  4.294E-01  4.275E-01  4.257E-01  4.238E-01  4.219E-01  4.200E-01  4.181E-01  4.161E-01  4.142E-01  4.123E-01  4.103E-01  4.084E-01  4.065E-01  4.045E-01  4.025E-01  4.006E-01  3.986E-01  3.966E-01  3.946E-01  3.926E-01  3.906E-01  3.886E-01  3.866E-01  3.846E-01  3.826E-01  3.805E-01  3.785E-01  3.765E-01  3.744E-01  3.724E-01  3.703E-01  3.683E-01  3.662E-01  3.641E-01  3.621E-01  3.600E-01  3.579E-01
  336.5000  3.691E-01  3.677E-01  3.664E-01  3.651E-01  3.638E-01  3.624E-01  3.611E-01  3.597E-01  3.584E-01  3.570E-01  3.556E-01  3.542E-01  3.529E-01  3.515E-01  3.501E-01  3.487E-01  3.472E-01  3.458E-01  3.444E-01  3.430E-01  3.415E-01  3.401E-01  3.386E-01  3.372E-01  3.357E-01  3.343E-01  3.328E-01  3.313E-01  3.298E-01  3.283E-01  3.268E-01  3.253E-01  3.238E-01  3.223E-01  3.208E-01  3.193E-01  3.177E-01  3.162E-01  3.147E-01  3.131E-01  3.116E-01  3.100E-01  3.085E-01  3.069E-01  3.053E-01  3.038E-01  3.022E-01  3.006E-01  2.990E-01  2.974E-01  2.959E-01  2.943E-01  2.927E-01  2.911E-01  2.894E-01  2.878E-01  2.862E-01  2.846E-01  2.830E-01  2.814E-01  2.797E-01
  337.5000  4.048E-01  4.034E-01  4.019E-01  4.005E-01  3.990E-01  3.975E-01  3.960E-01  3.945E-01  3.930E-01  3.915E-01  3.900E-01  3.885E-01  3.869E-01  3.854E-01  3.839E-01  3.823E-01  3.808E-01  3.792E-01  3.776E-01  3.760E-01  3.745E-01  3.729E-01  3.713E-01  3.697E-01  3.680E-01  3.664E-01  3.648E-01  3.632E-01  3.615E-01  3.599E-01  3.582E-01  3.566E-01  3.549E-01  3.532E-01  3.516E-01  3.499E-01  3.482E-01  3.465E-01  3.448E-01  3.431E-01  3.414E-01  3.397E-01  3.380E-01  3.363E-01  3.345E-01  3.328E-01  3.311E-01  3.293E-01  3.276E-01  3.258E-01  3.241E-01  3.223E-01  3.205E-01  3.188E-01  3.170E-01  3.152E-01  3.134E-01  3.117E-01  3.099E-01  3.081E-01  3.063E-01
  338.5000  4.286E-01  4.271E-01  4.256E-01  4.241E-01  4.225E-01  4.210E-01  4.194E-01  4.179E-01  4.163E-01  4.147E-01  4.131E-01  4.116E-01  4.099E-01  4.083E-01  4.067E-01  4.051E-01  4.035E-01  4.018E-01  4.002E-01  3.985E-01  3.969E-01  3.952E-01  3.935E-01  3.918E-01  3.902E-01  3.885E-01  3.868E-01  3.851E-01  3.833E-01  3.816E-01  3.799E-01  3.782E-01  3.764E-01  3.747E-01  3.729E-01  3.712E-01  3.694E-01  3.676E-01  3.659E-01  3.641E-01  3.623E-01  3.605E-01  3.587E-01  3.569E-01  3.551E-01  3.533E-01  3.514E-01  3.496E-01  3.478E-01  3.460E-01  3.441E-01  3.423E-01  3.404E-01  3.386E-01  3.367E-01  3.348E-01  3.330E-01  3.311E-01  3.292E-01  3.274E-01  3.255E-01
  339.5000  4.665E-01  4.649E-01  4.632E-01  4.615E-01  4.599E-01  4.582E-01  4.565E-01  4.548E-01  4.531E-01  4.514E-01  4.497E-01  4.479E-01  4.462E-01  4.445E-01  4.427E-01  4.410E-01  4.392E-01  4.374E-01  4.356E-01  4.338E-01  4.320E-01  4.302E-01  4.284E-01  4.266E-01  4.247E-01  4.229E-01  4.211E-01  4.192E-01  4.173E-01  4.155E-01  4.136E-01  4.117E-01  4.098E-01  4.079E-01  4.060E-01  4.041E-01  4.022E-01  4.003E-01  3.983E-01  3.964E-01  3.945E-01  3.925E-01  3.906E-01  3.886E-01  3.866E-01  3.847E-01  3.827E-01  3.807E-01  3.787E-01  3.767E-01  3.747E-01  3.727E-01  3.707E-01  3.687E-01  3.667E-01  3.647E-01  3.627E-01  3.606E-01  3.586E-01  3.565E-01  3.545E-01
  340.5000  4.987E-01  4.970E-01  4.952E-01  4.934E-01  4.916E-01  4.898E-01  4.880E-01  4.862E-01  4.844E-01  4.825E-01  4.807E-01  4.788E-01  4.770E-01  4.751E-01  4.732E-01  4.713E-01  4.695E-01  4.675E-01  4.656E-01  4.637E-01  4.618E-01  4.598E-01  4.579E-01  4.559E-01  4.540E-01  4.520E-01  4.500E-01  4.480E-01  4.460E-01  4.440E-01  4.420E-01  4.400E-01  4.380E-01  4.359E-01  4.339E-01  4.319E-01  4.298E-01  4.277E-01  4.257E-01  4.236E-01  4.215E-01  4.194E-01  4.173E-01  4.152E-01  4.131E-01  4.110E-01  4.089E-01  4.068E-01  4.047E-01  4.025E-01  4.004E-01  3.982E-01  3.961E-01  3.939E-01  3.918E-01  3.896E-01  3.874E-01  3.852E-01  3.831E-01  3.809E-01  3.787E-01
  341.5000  4.438E-01  4.423E-01  4.407E-01  4.391E-01  4.375E-01  4.359E-01  4.344E-01  4.327E-01  4.311E-01  4.295E-01  4.279E-01  4.262E-01  4.246E-01  4.229E-01  4.213E-01  4.196E-01  4.179E-01  4.163E-01  4.146E-01  4.129E-01  4.112E-01  4.094E-01  4.077E-01  4.060E-01  4.043E-01  4.025E-01  4.008E-01  3.990E-01  3.972E-01  3.955E-01  3.937E-01  3.919E-01  3.901E-01  3.883E-01  3.865E-01  3.847E-01  3.829E-01  3.811E-01  3.792E-01  3.774E-01  3.756E-01  3.737E-01  3.719E-01  3.700E-01  3.681E-01  3.663E-01  3.644E-01  3.625E-01  3.606E-01  3.588E-01  3.569E-01  3.550E-01  3.531E-01  3.511E-01  3.492E-01  3.473E-01  3.454E-01  3.435E-01  3.415E-01  3.396E-01  3.377E-01
  342.5000  4.921E-01  4.904E-01  4.887E-01  4.870E-01  4.852E-01  4.834E-01  4.817E-01  4.799E-01  4.781E-01  4.763E-01  4.745E-01  4.727E-01  4.709E-01  4.691E-01  4.672E-01  4.654E-01  4.635E-01  4.617E-01  4.598E-01  4.579E-01  4.560E-01  4.541E-01  4.522E-01  4.503E-01  4.484E-01  4.464E-01  4.445E-01  4.426E-01  4.406E-01  4.387E-01  4.367E-01  4.347E-01  4.327E-01  4.307E-01  4.288E-01  4.267E-01  4.247E-01  4.227E-01  4.207E-01  4.187E-01  4.166E-01  4.146E-01  4.125E-01  4.105E-01  4.084E-01  4.064E-01  4.043E-01  4.022E-01  4.001E-01  3.980E-01  3.959E-01  3.938E-01  3.917E-01  3.896E-01  3.875E-01  3.854E-01  3.832E-01  3.811E-01  3.790E-01  3.768E-01  3.747E-01
  343.5000  5.114E-01  5.096E-01  5.078E-01  5.060E-01  5.042E-01  5.024E-01  5.005E-01  4.987E-01  4.968E-01  4.949E-01  4.931E-01  4.912E-01  4.893E-01  4.874E-01  4.855E-01  4.836E-01  4.816E-01  4.797E-01  4.777E-01  4.758E-01  4.738E-01  4.719E-01  4.699E-01  4.679E-01  4.659E-01  4.639E-01  4.619E-01  4.599E-01  4.578E-01  4.558E-01  4.537E-01  4.517E-01  4.496E-01  4.476E-01  4.455E-01  4.434E-01  4.413E-01  4.392E-01  4.371E-01  4.350E-01  4.329E-01  4.308E-01  4.286E-01  4.265E-01  4.244E-01  4.222E-01  4.200E-01  4.179E-01  4.157E-01  4.135E-01  4.114E-01  4.092E-01  4.070E-01  4.048E-01  4.026E-01  4.004E-01  3.982E-01  3.959E-01  3.937E-01  3.915E-01  3.893E-01
  344.5000  3.586E-01  3.573E-01  3.560E-01  3.548E-01  3.535E-01  3.522E-01  3.509E-01  3.496E-01  3.483E-01  3.470E-01  3.457E-01  3.444E-01  3.431E-01  3.417E-01  3.404E-01  3.390E-01  3.377E-01  3.363E-01  3.350E-01  3.336E-01  3.322E-01  3.308E-01  3.294E-01  3.280E-01  3.266E-01  3.252E-01  3.238E-01  3.224E-01  3.210E-01  3.195E-01  3.181E-01  3.167E-01  3.152E-01  3.138E-01  3.123E-01  3.109E-01  3.094E-01  3.079E-01  3.064E-01  3.050E-01  3.035E-01  3.020E-01  3.005E-01  2.990E-01  2.975E-01  2.960E-01  2.945E-01  2.929E-01  2.914E-01  2.899E-01  2.884E-01  2.868E-01  2.853E-01  2.837E-01  2.822E-01  2.807E-01  2.791E-01  2.775E-01  2.760E-01  2.744E-01  2.729E-01
  345.5000  4.921E-01  4.904E-01  4.887E-01  4.870E-01  4.852E-01  4.835E-01  4.817E-01  4.800E-01  4.782E-01  4.764E-01  4.746E-01  4.728E-01  4.710E-01  4.692E-01  4.674E-01  4.655E-01  4.637E-01  4.618E-01  4.600E-01  4.581E-01  4.562E-01  4.543E-01  4.524E-01  4.505E-01  4.486E-01  4.467E-01  4.448E-01  4.428E-01  4.409E-01  4.389E-01  4.370E-01  4.350E-01  4.330E-01  4.311E-01  4.291E-01  4.271E-01  4.251E-01  4.231E-01  4.211E-01  4.190E-01  4.170E-01  4.150E-01  4.129E-01  4.109E-01  4.088E-01  4.068E-01  4.047E-01  4.026E-01  4.006E-01  3.985E-01  3.964E-01  3.943E-01  3.922E-01  3.901E-01  3.880E-01  3.859E-01  3.838E-01  3.816E-01  3.795E-01  3.774E-01  3.752E-01
  346.5000  4.604E-01  4.588E-01  4.572E-01  4.556E-01  4.539E-01  4.523E-01  4.506E-01  4.490E-01  4.473E-01  4.457E-01  4.440E-01  4.423E-01  4.406E-01  4.389E-01  4.372E-01  4.354E-01  4.337E-01  4.320E-01  4.302E-01  4.285E-01  4.267E-01  4.249E-01  4.232E-01  4.214E-01  4.196E-01  4.178E-01  4.160E-01  4.142E-01  4.124E-01  4.105E-01  4.087E-01  4.069E-01  4.050E-01  4.032E-01  4.013E-01  3.994E-01  3.975E-01  3.957E-01  3.938E-01  3.919E-01  3.900E-01  3.881E-01  3.862E-01  3.842E-01  3.823E-01  3.804E-01  3.785E-01  3.765E-01  3.746E-01  3.726E-01  3.707E-01  3.687E-01  3.667E-01  3.648E-01  3.628E-01  3.608E-01  3.588E-01  3.568E-01  3.548E-01  3.528E-01  3.508E-01
  347.5000  4.502E-01  4.486E-01  4.470E-01  4.455E-01  4.439E-01  4.423E-01  4.407E-01  4.390E-01  4.374E-01  4.358E-01  4.342E-01  4.325E-01  4.308E-01  4.292E-01  4.275E-01  4.258E-01  4.241E-01  4.224E-01  4.207E-01  4.190E-01  4.173E-01  4.156E-01  4.138E-01  4.121E-01  4.104E-01  4.086E-01  4.068E-01  4.051E-01  4.033E-01  4.015E-01  3.997E-01  3.979E-01  3.961E-01  3.943E-01  3.925E-01  3.907E-01  3.888E-01  3.870E-01  3.852E-01  3.833E-01  3.814E-01  3.796E-01  3.777E-01  3.758E-01  3.740E-01  3.721E-01  3.702E-01  3.683E-01  3.664E-01  3.645E-01  3.626E-01  3.607E-01  3.587E-01  3.568E-01  3.549E-01  3.529E-01  3.510E-01  3.491E-01  3.471E-01  3.452E-01  3.432E-01
  348.5000  4.952E-01  4.935E-01  4.918E-01  4.900E-01  4.883E-01  4.865E-01  4.848E-01  4.830E-01  4.812E-01  4.794E-01  4.776E-01  4.758E-01  4.740E-01  4.722E-01  4.703E-01  4.685E-01  4.666E-01  4.648E-01  4.629E-01  4.610E-01  4.591E-01  4.572E-01  4.553E-01  4.534E-01  4.515E-01  4.496E-01  4.476E-01  4.457E-01  4.437E-01  4.418E-01  4.398E-01  4.379E-01  4.359E-01  4.339E-01  4.319E-01  4.299E-01  4.279E-01  4.259E-01  4.238E-01  4.218E-01  4.198E-01  4.177E-01  4.157E-01  4.136E-01  4.116E-01  4.095E-01  4.074E-01  4.053E-01  4.033E-01  4.012E-01  3.991E-01  3.970E-01  3.948E-01  3.927E-01  3.906E-01  3.885E-01  3.864E-01  3.842E-01  3.821E-01  3.799E-01  3.778E-01
  349.5000  4.153E-01  4.138E-01  4.124E-01  4.109E-01  4.095E-01  4.080E-01  4.065E-01  4.050E-01  4.035E-01  4.020E-01  4.005E-01  3.990E-01  3.975E-01  3.960E-01  3.944E-01  3.929E-01  3.913E-01  3.898E-01  3.882E-01  3.866E-01  3.851E-01  3.835E-01  3.819E-01  3.803E-01  3.787E-01  3.770E-01  3.754E-01  3.738E-01  3.722E-01  3.705E-01  3.689E-01  3.672E-01  3.656E-01  3.639E-01  3.622E-01  3.606E-01  3.589E-01  3.572E-01  3.555E-01  3.538E-01  3.521E-01  3.504E-01  3.487E-01  3.469E-01  3.452E-01  3.435E-01  3.417E-01  3.400E-01  3.382E-01  3.365E-01  3.347E-01  3.330E-01  3.312E-01  3.294E-01  3.276E-01  3.259E-01  3.241E-01  3.223E-01  3.205E-01  3.187E-01  3.169E-01
  350.5000  5.818E-01  5.798E-01  5.778E-01  5.758E-01  5.737E-01  5.717E-01  5.696E-01  5.675E-01  5.654E-01  5.633E-01  5.612E-01  5.591E-01  5.570E-01  5.548E-01  5.527E-01  5.505E-01  5.483E-01  5.462E-01  5.440E-01  5.418E-01  5.396E-01  5.373E-01  5.351E-01  5.329E-01  5.306E-01  5.284E-01  5.261E-01  5.238E-01  5.215E-01  5.192E-01  5.169E-01  5.146E-01  5.123E-01  5.100E-01  5.076E-01  5.053E-01  5.029E-01  5.006E-01  4.982E-01  4.958E-01  4.934E-01  4.910E-01  4.886E-01  4.862E-01  4.838E-01  4.814E-01  4.789E-01  4.765E-01  4.741E-01  4.716E-01  4.691E-01  4.667E-01  4.642E-01  4.617E-01  4.592E-01  4.567E-01  4.542E-01  4.517E-01  4.492E-01  4.467E-01  4.442E-01
  351.5000  5.017E-01  5.000E-01  4.983E-01  4.965E-01  4.947E-01  4.930E-01  4.912E-01  4.894E-01  4.876E-01  4.858E-01  4.840E-01  4.822E-01  4.803E-01  4.785E-01  4.766E-01  4.748E-01  4.729E-01  4.710E-01  4.691E-01  4.672E-01  4.653E-01  4.634E-01  4.615E-01  4.596E-01  4.576E-01  4.557E-01  4.537E-01  4.518E-01  4.498E-01  4.478E-01  4.458E-01  4.438E-01  4.418E-01  4.398E-01  4.378E-01  4.358E-01  4.338E-01  4.317E-01  4.297E-01  4.276E-01  4.256E-01  4.235E-01  4.214E-01  4.194E-01  4.173E-01  4.152E-01  4.131E-01  4.110E-01  4.089E-01  4.068E-01  4.046E-01  4.025E-01  4.004E-01  3.982E-01  3.961E-01  3.940E-01  3.918E-01  3.896E-01  3.875E-01  3.853E-01  3.831E-01
  352.5000  4.528E-01  4.512E-01  4.497E-01  4.481E-01  4.465E-01  4.449E-01  4.433E-01  4.417E-01  4.401E-01  4.385E-01  4.368E-01  4.352E-01  4.335E-01  4.319E-01  4.302E-01  4.285E-01  4.268E-01  4.251E-01  4.234E-01  4.217E-01  4.200E-01  4.183E-01  4.165E-01  4.148E-01  4.131E-01  4.113E-01  4.095E-01  4.078E-01  4.060E-01  4.042E-01  4.024E-01  4.006E-01  3.988E-01  3.970E-01  3.952E-01  3.934E-01  3.916E-01  3.897E-01  3.879E-01  3.860E-01  3.842E-01  3.823E-01  3.805E-01  3.786E-01  3.767E-01  3.748E-01  3.729E-01  3.710E-01  3.691E-01  3.672E-01  3.653E-01  3.634E-01  3.615E-01  3.596E-01  3.576E-01  3.557E-01  3.537E-01  3.518E-01  3.498E-01  3.479E-01  3.459E-01
  353.5000  5.455E-01  5.436E-01  5.417E-01  5.398E-01  5.379E-01  5.360E-01  5.340E-01  5.321E-01  5.302E-01  5.282E-01  5.262E-01  5.243E-01  5.223E-01  5.203E-01  5.183E-01  5.162E-01  5.142E-01  5.122E-01  5.101E-01  5.081E-01  5.060E-01  5.039E-01  5.019E-01  4.998E-01  4.977E-01  4.956E-01  4.934E-01  4.913E-01  4.892E-01  4.870E-01  4.849E-01  4.827E-01  4.806E-01  4.784E-01  4.762E-01  4.740E-01  4.718E-01  4.696E-01  4.674E-01  4.652E-01  4.629E-01  4.607E-01  4.585E-01  4.562E-01  4.539E-01  4.517E-01  4.494E-01  4.471E-01  4.448E-01  4.426E-01  4.403E-01  4.379E-01  4.356E-01  4.333E-01  4.310E-01  4.287E-01  4.263E-01  4.240E-01  4.216E-01  4.193E-01  4.169E-01
  354.5000  5.907E-01  5.887E-01  5.867E-01  5.846E-01  5.826E-01  5.805E-01  5.784E-01  5.763E-01  5.742E-01  5.721E-01  5.700E-01  5.678E-01  5.657E-01  5.635E-01  5.613E-01  5.592E-01  5.570E-01  5.548E-01  5.526E-01  5.503E-01  5.481E-01  5.459E-01  5.436E-01  5.414E-01  5.391E-01  5.368E-01  5.345E-01  5.322E-01  5.299E-01  5.276E-01  5.253E-01  5.229E-01  5.206E-01  5.182E-01  5.159E-01  5.135E-01  5.111E-01  5.087E-01  5.063E-01  5.039E-01  5.015E-01  4.991E-01  4.967E-01  4.942E-01  4.918E-01  4.894E-01  4.869E-01  4.844E-01  4.820E-01  4.795E-01  4.770E-01  4.745E-01  4.720E-01  4.695E-01  4.670E-01  4.645E-01  4.619E-01  4.594E-01  4.569E-01  4.543E-01  4.518E-01
  355.5000  5.524E-01  5.505E-01  5.486E-01  5.467E-01  5.448E-01  5.428E-01  5.409E-01  5.389E-01  5.370E-01  5.350E-01  5.330E-01  5.310E-01  5.290E-01  5.270E-01  5.250E-01  5.229E-01  5.209E-01  5.188E-01  5.168E-01  5.147E-01  5.126E-01  5.105E-01  5.084E-01  5.063E-01  5.042E-01  5.020E-01  4.999E-01  4.978E-01  4.956E-01  4.934E-01  4.913E-01  4.891E-01  4.869E-01  4.847E-01  4.825E-01  4.803E-01  4.781E-01  4.758E-01  4.736E-01  4.713E-01  4.691E-01  4.668E-01  4.646E-01  4.623E-01  4.600E-01  4.577E-01  4.554E-01  4.531E-01  4.508E-01  4.485E-01  4.462E-01  4.438E-01  4.415E-01  4.392E-01  4.368E-01  4.345E-01  4.321E-01  4.297E-01  4.274E-01  4.250E-01  4.226E-01
  356.5000  5.129E-01  5.112E-01  5.094E-01  5.076E-01  5.059E-01  5.041E-01  5.023E-01  5.004E-01  4.986E-01  4.968E-01  4.949E-01  4.931E-01  4.912E-01  4.894E-01  4.875E-01  4.856E-01  4.837E-01  4.818E-01  4.799E-01  4.780E-01  4.760E-01  4.741E-01  4.721E-01  4.702E-01  4.682E-01  4.662E-01  4.642E-01  4.623E-01  4.603E-01  4.582E-01  4.562E-01  4.542E-01  4.522E-01  4.501E-01  4.481E-01  4.460E-01  4.440E-01  4.419E-01  4.398E-01  4.378E-01  4.357E-01  4.336E-01  4.315E-01  4.294E-01  4.272E-01  4.251E-01  4.230E-01  4.209E-01  4.187E-01  4.166E-01  4.144E-01  4.122E-01  4.101E-01  4.079E-01  4.057E-01  4.035E-01  4.014E-01  3.992E-01  3.970E-01  3.947E-01  3.925E-01
  357.5000  4.364E-01  4.349E-01  4.334E-01  4.319E-01  4.304E-01  4.289E-01  4.274E-01  4.258E-01  4.243E-01  4.227E-01  4.211E-01  4.196E-01  4.180E-01  4.164E-01  4.148E-01  4.132E-01  4.116E-01  4.100E-01  4.083E-01  4.067E-01  4.051E-01  4.034E-01  4.017E-01  4.001E-01  3.984E-01  3.967E-01  3.950E-01  3.934E-01  3.917E-01  3.899E-01  3.882E-01  3.865E-01  3.848E-01  3.831E-01  3.813E-01  3.796E-01  3.778E-01  3.761E-01  3.743E-01  3.725E-01  3.708E-01  3.690E-01  3.672E-01  3.654E-01  3.636E-01  3.618E-01  3.600E-01  3.582E-01  3.563E-01  3.545E-01  3.527E-01  3.508E-01  3.490E-01  3.472E-01  3.453E-01  3.434E-01  3.416E-01  3.397E-01  3.378E-01  3.360E-01  3.341E-01
  358.5000  3.370E-01  3.358E-01  3.347E-01  3.335E-01  3.323E-01  3.312E-01  3.300E-01  3.288E-01  3.276E-01  3.264E-01  3.252E-01  3.240E-01  3.228E-01  3.215E-01  3.203E-01  3.191E-01  3.178E-01  3.166E-01  3.153E-01  3.141E-01  3.128E-01  3.115E-01  3.102E-01  3.090E-01  3.077E-01  3.064E-01  3.051E-01  3.038E-01  3.025E-01  3.012E-01  2.998E-01  2.985E-01  2.972E-01  2.958E-01  2.945E-01  2.932E-01  2.918E-01  2.904E-01  2.891E-01  2.877E-01  2.864E-01  2.850E-01  2.836E-01  2.822E-01  2.808E-01  2.794E-01  2.780E-01  2.766E-01  2.752E-01  2.738E-01  2.724E-01  2.710E-01  2.696E-01  2.681E-01  2.667E-01  2.653E-01  2.639E-01  2.624E-01  2.610E-01  2.595E-01  2.581E-01
  359.5000  5.675E-01  5.655E-01  5.636E-01  5.616E-01  5.597E-01  5.577E-01  5.557E-01  5.537E-01  5.517E-01  5.497E-01  5.476E-01  5.456E-01  5.435E-01  5.415E-01  5.394E-01  5.373E-01  5.352E-01  5.331E-01  5.310E-01  5.289E-01  5.268E-01  5.246E-01  5.225E-01  5.203E-01  5.182E-01  5.160E-01  5.138E-01  5.116E-01  5.094E-01  5.072E-01  5.050E-01  5.027E-01  5.005E-01  4.983E-01  4.960E-01  4.937E-01  4.915E-01  4.892E-01  4.869E-01  4.846E-01  4.823E-01  4.800E-01  4.777E-01  4.753E-01  4.730E-01  4.707E-01  4.683E-01  4.660E-01  4.636E-01  4.612E-01  4.588E-01  4.565E-01  4.541E-01  4.517E-01  4.493E-01  4.469E-01  4.444E-01  4.420E-01  4.396E-01  4.372E-01  4.347E-01
  360.5000  5.263E-01  5.245E-01  5.227E-01  5.209E-01  5.191E-01  5.172E-01  5.154E-01  5.135E-01  5.117E-01  5.098E-01  5.079E-01  5.060E-01  5.041E-01  5.022E-01  5.003E-01  4.984E-01  4.964E-01  4.945E-01  4.925E-01  4.906E-01  4.886E-01  4.866E-01  4.846E-01  4.826E-01  4.806E-01  4.786E-01  4.766E-01  4.745E-01  4.725E-01  4.705E-01  4.684E-01  4.663E-01  4.643E-01  4.622E-01  4.601E-01  4.580E-01  4.559E-01  4.538E-01  4.516E-01  4.495E-01  4.474E-01  4.452E-01  4.431E-01  4.409E-01  4.388E-01  4.366E-01  4.344E-01  4.322E-01  4.301E-01  4.279E-01  4.257E-01  4.235E-01  4.212E-01  4.190E-01  4.168E-01  4.146E-01  4.123E-01  4.101E-01  4.078E-01  4.056E-01  4.033E-01
  361.5000  4.747E-01  4.731E-01  4.715E-01  4.699E-01  4.682E-01  4.666E-01  4.649E-01  4.633E-01  4.616E-01  4.599E-01  4.582E-01  4.565E-01  4.548E-01  4.531E-01  4.513E-01  4.496E-01  4.479E-01  4.461E-01  4.443E-01  4.426E-01  4.408E-01  4.390E-01  4.372E-01  4.354E-01  4.336E-01  4.318E-01  4.300E-01  4.281E-01  4.263E-01  4.244E-01  4.226E-01  4.207E-01  4.189E-01  4.170E-01  4.151E-01  4.132E-01  4.113E-01  4.094E-01  4.075E-01  4.056E-01  4.037E-01  4.017E-01  3.998E-01  3.979E-01  3.959E-01  3.940E-01  3.920E-01  3.900E-01  3.881E-01  3.861E-01  3.841E-01  3.821E-01  3.801E-01  3.781E-01  3.761E-01  3.741E-01  3.721E-01  3.700E-01  3.680E-01  3.660E-01  3.639E-01
  362.5000  5.578E-01  5.559E-01  5.540E-01  5.521E-01  5.502E-01  5.482E-01  5.463E-01  5.443E-01  5.423E-01  5.404E-01  5.384E-01  5.364E-01  5.344E-01  5.324E-01  5.303E-01  5.283E-01  5.262E-01  5.242E-01  5.221E-01  5.200E-01  5.180E-01  5.159E-01  5.138E-01  5.117E-01  5.095E-01  5.074E-01  5.053E-01  5.031E-01  5.010E-01  4.988E-01  4.966E-01  4.944E-01  4.922E-01  4.900E-01  4.878E-01  4.856E-01  4.834E-01  4.811E-01  4.789E-01  4.767E-01  4.744E-01  4.721E-01  4.699E-01  4.676E-01  4.653E-01  4.630E-01  4.607E-01  4.584E-01  4.561E-01  4.537E-01  4.514E-01  4.491E-01  4.467E-01  4.444E-01  4.420E-01  4.397E-01  4.373E-01  4.349E-01  4.325E-01  4.302E-01  4.278E-01
  363.5000  4.965E-01  4.948E-01  4.931E-01  4.914E-01  4.897E-01  4.879E-01  4.862E-01  4.845E-01  4.827E-01  4.810E-01  4.792E-01  4.774E-01  4.756E-01  4.738E-01  4.720E-01  4.702E-01  4.684E-01  4.666E-01  4.648E-01  4.629E-01  4.611E-01  4.592E-01  4.573E-01  4.554E-01  4.536E-01  4.517E-01  4.498E-01  4.478E-01  4.459E-01  4.440E-01  4.421E-01  4.401E-01  4.382E-01  4.362E-01  4.343E-01  4.323E-01  4.303E-01  4.283E-01  4.263E-01  4.243E-01  4.223E-01  4.203E-01  4.183E-01  4.163E-01  4.142E-01  4.122E-01  4.101E-01  4.081E-01  4.060E-01  4.040E-01  4.019E-01  3.998E-01  3.977E-01  3.956E-01  3.935E-01  3.914E-01  3.893E-01  3.872E-01  3.851E-01  3.830E-01  3.809E-01
  364.5000  5.418E-01  5.400E-01  5.382E-01  5.363E-01  5.344E-01  5.326E-01  5.307E-01  5.288E-01  5.269E-01  5.250E-01  5.230E-01  5.211E-01  5.192E-01  5.172E-01  5.152E-01  5.133E-01  5.113E-01  5.093E-01  5.073E-01  5.053E-01  5.033E-01  5.012E-01  4.992E-01  4.971E-01  4.951E-01  4.930E-01  4.909E-01  4.889E-01  4.868E-01  4.847E-01  4.826E-01  4.804E-01  4.783E-01  4.762E-01  4.740E-01  4.719E-01  4.697E-01  4.676E-01  4.654E-01  4.632E-01  4.610E-01  4.588E-01  4.566E-01  4.544E-01  4.522E-01  4.500E-01  4.477E-01  4.455E-01  4.433E-01  4.410E-01  4.387E-01  4.365E-01  4.342E-01  4.319E-01  4.296E-01  4.274E-01  4.251E-01  4.228E-01  4.204E-01  4.181E-01  4.158E-01
  365.5000  6.606E-01  6.583E-01  6.561E-01  6.538E-01  6.516E-01  6.493E-01  6.470E-01  6.447E-01  6.424E-01  6.400E-01  6.377E-01  6.353E-01  6.329E-01  6.306E-01  6.282E-01  6.258E-01  6.234E-01  6.209E-01  6.185E-01  6.160E-01  6.136E-01  6.111E-01  6.086E-01  6.061E-01  6.036E-01  6.011E-01  5.986E-01  5.960E-01  5.935E-01  5.909E-01  5.884E-01  5.858E-01  5.832E-01  5.806E-01  5.780E-01  5.754E-01  5.728E-01  5.701E-01  5.675E-01  5.648E-01  5.622E-01  5.595E-01  5.568E-01  5.541E-01  5.514E-01  5.487E-01  5.460E-01  5.432E-01  5.405E-01  5.378E-01  5.350E-01  5.323E-01  5.295E-01  5.267E-01  5.239E-01  5.211E-01  5.183E-01  5.155E-01  5.127E-01  5.099E-01  5.071E-01
  366.5000  6.995E-01  6.971E-01  6.947E-01  6.923E-01  6.899E-01  6.875E-01  6.851E-01  6.827E-01  6.802E-01  6.777E-01  6.753E-01  6.728E-01  6.703E-01  6.677E-01  6.652E-01  6.627E-01  6.601E-01  6.576E-01  6.550E-01  6.524E-01  6.498E-01  6.472E-01  6.445E-01  6.419E-01  6.393E-01  6.366E-01  6.339E-01  6.312E-01  6.285E-01  6.258E-01  6.231E-01  6.204E-01  6.177E-01  6.149E-01  6.122E-01  6.094E-01  6.066E-01  6.038E-01  6.010E-01  5.982E-01  5.954E-01  5.926E-01  5.897E-01  5.869E-01  5.840E-01  5.812E-01  5.783E-01  5.754E-01  5.725E-01  5.696E-01  5.667E-01  5.638E-01  5.608E-01  5.579E-01  5.550E-01  5.520E-01  5.490E-01  5.461E-01  5.431E-01  5.401E-01  5.371E-01
  367.5000  6.645E-01  6.622E-01  6.600E-01  6.577E-01  6.554E-01  6.532E-01  6.508E-01  6.485E-01  6.462E-01  6.439E-01  6.415E-01  6.391E-01  6.368E-01  6.344E-01  6.320E-01  6.296E-01  6.271E-01  6.247E-01  6.223E-01  6.198E-01  6.173E-01  6.149E-01  6.124E-01  6.099E-01  6.074E-01  6.048E-01  6.023E-01  5.997E-01  5.972E-01  5.946E-01  5.920E-01  5.895E-01  5.869E-01  5.843E-01  5.816E-01  5.790E-01  5.764E-01  5.737E-01  5.711E-01  5.684E-01  5.657E-01  5.630E-01  5.603E-01  5.576E-01  5.549E-01  5.522E-01  5.495E-01  5.468E-01  5.440E-01  5.413E-01  5.385E-01  5.357E-01  5.329E-01  5.302E-01  5.274E-01  5.246E-01  5.217E-01  5.189E-01  5.161E-01  5.133E-01  5.104E-01
  368.5000  5.840E-01  5.821E-01  5.801E-01  5.781E-01  5.761E-01  5.741E-01  5.721E-01  5.700E-01  5.680E-01  5.659E-01  5.639E-01  5.618E-01  5.597E-01  5.576E-01  5.555E-01  5.534E-01  5.513E-01  5.491E-01  5.470E-01  5.448E-01  5.426E-01  5.405E-01  5.383E-01  5.361E-01  5.339E-01  5.317E-01  5.294E-01  5.272E-01  5.250E-01  5.227E-01  5.204E-01  5.182E-01  5.159E-01  5.136E-01  5.113E-01  5.090E-01  5.067E-01  5.044E-01  5.020E-01  4.997E-01  4.973E-01  4.950E-01  4.926E-01  4.902E-01  4.879E-01  4.855E-01  4.831E-01  4.807E-01  4.783E-01  4.758E-01  4.734E-01  4.710E-01  4.685E-01  4.661E-01  4.636E-01  4.612E-01  4.587E-01  4.562E-01  4.538E-01  4.513E-01  4.488E-01
  369.5000  7.009E-01  6.985E-01  6.962E-01  6.938E-01  6.914E-01  6.890E-01  6.866E-01  6.841E-01  6.817E-01  6.792E-01  6.767E-01  6.742E-01  6.717E-01  6.692E-01  6.667E-01  6.642E-01  6.616E-01  6.591E-01  6.565E-01  6.539E-01  6.513E-01  6.487E-01  6.461E-01  6.434E-01  6.408E-01  6.381E-01  6.355E-01  6.328E-01  6.301E-01  6.274E-01  6.247E-01  6.220E-01  6.192E-01  6.165E-01  6.137E-01  6.110E-01  6.082E-01  6.054E-01  6.026E-01  5.998E-01  5.970E-01  5.941E-01  5.913E-01  5.885E-01  5.856E-01  5.827E-01  5.799E-01  5.770E-01  5.741E-01  5.712E-01  5.683E-01  5.654E-01  5.625E-01  5.595E-01  5.566E-01  5.536E-01  5.507E-01  5.477E-01  5.447E-01  5.418E-01  5.388E-01
  370.5000  6.362E-01  6.341E-01  6.319E-01  6.298E-01  6.276E-01  6.254E-01  6.232E-01  6.210E-01  6.188E-01  6.166E-01  6.143E-01  6.121E-01  6.098E-01  6.075E-01  6.052E-01  6.029E-01  6.006E-01  5.983E-01  5.959E-01  5.936E-01  5.912E-01  5.889E-01  5.865E-01  5.841E-01  5.817E-01  5.793E-01  5.769E-01  5.745E-01  5.720E-01  5.696E-01  5.671E-01  5.646E-01  5.622E-01  5.597E-01  5.572E-01  5.547E-01  5.521E-01  5.496E-01  5.471E-01  5.445E-01  5.420E-01  5.394E-01  5.369E-01  5.343E-01  5.317E-01  5.291E-01  5.265E-01  5.239E-01  5.213E-01  5.186E-01  5.160E-01  5.133E-01  5.107E-01  5.080E-01  5.054E-01  5.027E-01  5.000E-01  4.973E-01  4.946E-01  4.919E-01  4.892E-01
  371.5000  7.283E-01  7.259E-01  7.234E-01  7.209E-01  7.185E-01  7.160E-01  7.135E-01  7.109E-01  7.084E-01  7.058E-01  7.033E-01  7.007E-01  6.981E-01  6.955E-01  6.929E-01  6.902E-01  6.876E-01  6.849E-01  6.823E-01  6.796E-01  6.769E-01  6.742E-01  6.715E-01  6.687E-01  6.660E-01  6.632E-01  6.605E-01  6.577E-01  6.549E-01  6.521E-01  6.493E-01  6.465E-01  6.436E-01  6.408E-01  6.379E-01  6.351E-01  6.322E-01  6.293E-01  6.264E-01  6.235E-01  6.206E-01  6.176E-01  6.147E-01  6.118E-01  6.088E-01  6.058E-01  6.028E-01  5.999E-01  5.969E-01  5.939E-01  5.908E-01  5.878E-01  5.848E-01  5.817E-01  5.787E-01  5.756E-01  5.726E-01  5.695E-01  5.664E-01  5.633E-01  5.602E-01
  372.5000  5.382E-01  5.364E-01  5.346E-01  5.328E-01  5.310E-01  5.291E-01  5.273E-01  5.254E-01  5.235E-01  5.216E-01  5.198E-01  5.178E-01  5.159E-01  5.140E-01  5.121E-01  5.101E-01  5.082E-01  5.062E-01  5.043E-01  5.023E-01  5.003E-01  4.983E-01  4.963E-01  4.943E-01  4.922E-01  4.902E-01  4.882E-01  4.861E-01  4.841E-01  4.820E-01  4.799E-01  4.778E-01  4.757E-01  4.736E-01  4.715E-01  4.694E-01  4.673E-01  4.652E-01  4.630E-01  4.609E-01  4.587E-01  4.565E-01  4.544E-01  4.522E-01  4.500E-01  4.478E-01  4.456E-01  4.434E-01  4.412E-01  4.390E-01  4.368E-01  4.345E-01  4.323E-01  4.300E-01  4.278E-01  4.255E-01  4.233E-01  4.210E-01  4.187E-01  4.164E-01  4.141E-01
  373.5000  4.867E-01  4.851E-01  4.835E-01  4.818E-01  4.802E-01  4.785E-01  4.768E-01  4.751E-01  4.734E-01  4.717E-01  4.700E-01  4.683E-01  4.666E-01  4.649E-01  4.631E-01  4.614E-01  4.596E-01  4.578E-01  4.560E-01  4.542E-01  4.525E-01  4.507E-01  4.488E-01  4.470E-01  4.452E-01  4.434E-01  4.415E-01  4.397E-01  4.378E-01  4.359E-01  4.341E-01  4.322E-01  4.303E-01  4.284E-01  4.265E-01  4.246E-01  4.226E-01  4.207E-01  4.188E-01  4.168E-01  4.149E-01  4.129E-01  4.110E-01  4.090E-01  4.070E-01  4.051E-01  4.031E-01  4.011E-01  3.991E-01  3.971E-01  3.951E-01  3.930E-01  3.910E-01  3.890E-01  3.869E-01  3.849E-01  3.829E-01  3.808E-01  3.787E-01  3.767E-01  3.746E-01
  374.5000  5.345E-01  5.327E-01  5.309E-01  5.291E-01  5.273E-01  5.254E-01  5.236E-01  5.217E-01  5.199E-01  5.180E-01  5.161E-01  5.143E-01  5.124E-01  5.105E-01  5.085E-01  5.066E-01  5.047E-01  5.027E-01  5.008E-01  4.988E-01  4.969E-01  4.949E-01  4.929E-01  4.909E-01  4.889E-01  4.869E-01  4.849E-01  4.828E-01  4.808E-01  4.787E-01  4.767E-01  4.746E-01  4.725E-01  4.705E-01  4.684E-01  4.663E-01  4.642E-01  4.621E-01  4.599E-01  4.578E-01  4.557E-01  4.535E-01  4.514E-01  4.492E-01  4.470E-01  4.449E-01  4.427E-01  4.405E-01  4.383E-01  4.361E-01  4.339E-01  4.317E-01  4.295E-01  4.272E-01  4.250E-01  4.228E-01  4.205E-01  4.183E-01  4.160E-01  4.137E-01  4.115E-01
  375.5000  6.033E-01  6.013E-01  5.993E-01  5.972E-01  5.952E-01  5.931E-01  5.910E-01  5.890E-01  5.869E-01  5.848E-01  5.827E-01  5.805E-01  5.784E-01  5.762E-01  5.741E-01  5.719E-01  5.697E-01  5.675E-01  5.653E-01  5.631E-01  5.609E-01  5.587E-01  5.564E-01  5.542E-01  5.519E-01  5.497E-01  5.474E-01  5.451E-01  5.428E-01  5.405E-01  5.382E-01  5.358E-01  5.335E-01  5.311E-01  5.288E-01  5.264E-01  5.240E-01  5.217E-01  5.193E-01  5.169E-01  5.145E-01  5.120E-01  5.096E-01  5.072E-01  5.047E-01  5.023E-01  4.998E-01  4.974E-01  4.949E-01  4.924E-01  4.899E-01  4.874E-01  4.849E-01  4.824E-01  4.799E-01  4.774E-01  4.748E-01  4.723E-01  4.697E-01  4.672E-01  4.646E-01
  376.5000  6.027E-01  6.007E-01  5.987E-01  5.967E-01  5.946E-01  5.926E-01  5.905E-01  5.884E-01  5.863E-01  5.842E-01  5.821E-01  5.800E-01  5.779E-01  5.757E-01  5.736E-01  5.714E-01  5.692E-01  5.671E-01  5.649E-01  5.627E-01  5.604E-01  5.582E-01  5.560E-01  5.537E-01  5.515E-01  5.492E-01  5.469E-01  5.446E-01  5.423E-01  5.400E-01  5.377E-01  5.354E-01  5.331E-01  5.307E-01  5.284E-01  5.260E-01  5.236E-01  5.213E-01  5.189E-01  5.165E-01  5.141E-01  5.117E-01  5.092E-01  5.068E-01  5.044E-01  5.019E-01  4.995E-01  4.970E-01  4.945E-01  4.921E-01  4.896E-01  4.871E-01  4.846E-01  4.821E-01  4.796E-01  4.770E-01  4.745E-01  4.720E-01  4.694E-01  4.669E-01  4.643E-01
  377.5000  7.181E-01  7.157E-01  7.133E-01  7.109E-01  7.084E-01  7.060E-01  7.035E-01  7.011E-01  6.986E-01  6.961E-01  6.936E-01  6.910E-01  6.885E-01  6.860E-01  6.834E-01  6.808E-01  6.782E-01  6.756E-01  6.730E-01  6.704E-01  6.678E-01  6.651E-01  6.624E-01  6.598E-01  6.571E-01  6.544E-01  6.517E-01  6.490E-01  6.462E-01  6.435E-01  6.407E-01  6.380E-01  6.352E-01  6.324E-01  6.296E-01  6.268E-01  6.240E-01  6.211E-01  6.183E-01  6.154E-01  6.126E-01  6.097E-01  6.068E-01  6.039E-01  6.010E-01  5.981E-01  5.952E-01  5.923E-01  5.893E-01  5.864E-01  5.834E-01  5.805E-01  5.775E-01  5.745E-01  5.715E-01  5.685E-01  5.655E-01  5.625E-01  5.594E-01  5.564E-01  5.534E-01
  378.5000  7.830E-01  7.804E-01  7.778E-01  7.752E-01  7.725E-01  7.698E-01  7.672E-01  7.645E-01  7.618E-01  7.591E-01  7.563E-01  7.536E-01  7.508E-01  7.480E-01  7.452E-01  7.424E-01  7.396E-01  7.368E-01  7.339E-01  7.311E-01  7.282E-01  7.253E-01  7.224E-01  7.195E-01  7.166E-01  7.136E-01  7.107E-01  7.077E-01  7.047E-01  7.018E-01  6.988E-01  6.957E-01  6.927E-01  6.897E-01  6.866E-01  6.836E-01  6.805E-01  6.774E-01  6.743E-01  6.712E-01  6.681E-01  6.650E-01  6.618E-01  6.587E-01  6.555E-01  6.523E-01  6.492E-01  6.460E-01  6.428E-01  6.396E-01  6.363E-01  6.331E-01  6.299E-01  6.266E-01  6.234E-01  6.201E-01  6.168E-01  6.135E-01  6.102E-01  6.069E-01  6.036E-01
  379.5000  5.796E-01  5.777E-01  5.757E-01  5.738E-01  5.718E-01  5.698E-01  5.679E-01  5.659E-01  5.639E-01  5.619E-01  5.598E-01  5.578E-01  5.558E-01  5.537E-01  5.516E-01  5.496E-01  5.475E-01  5.454E-01  5.433E-01  5.412E-01  5.391E-01  5.369E-01  5.348E-01  5.326E-01  5.305E-01  5.283E-01  5.261E-01  5.239E-01  5.217E-01  5.195E-01  5.173E-01  5.151E-01  5.128E-01  5.106E-01  5.083E-01  5.061E-01  5.038E-01  5.015E-01  4.992E-01  4.969E-01  4.946E-01  4.923E-01  4.900E-01  4.876E-01  4.853E-01  4.830E-01  4.806E-01  4.783E-01  4.759E-01  4.735E-01  4.711E-01  4.687E-01  4.663E-01  4.639E-01  4.615E-01  4.591E-01  4.567E-01  4.542E-01  4.518E-01  4.494E-01  4.469E-01
  380.5000  6.973E-01  6.950E-01  6.927E-01  6.904E-01  6.880E-01  6.857E-01  6.833E-01  6.809E-01  6.785E-01  6.761E-01  6.736E-01  6.712E-01  6.687E-01  6.663E-01  6.638E-01  6.613E-01  6.588E-01  6.563E-01  6.537E-01  6.512E-01  6.487E-01  6.461E-01  6.435E-01  6.409E-01  6.383E-01  6.357E-01  6.331E-01  6.305E-01  6.278E-01  6.252E-01  6.225E-01  6.198E-01  6.171E-01  6.144E-01  6.117E-01  6.090E-01  6.063E-01  6.035E-01  6.008E-01  5.980E-01  5.952E-01  5.925E-01  5.897E-01  5.869E-01  5.841E-01  5.812E-01  5.784E-01  5.756E-01  5.727E-01  5.699E-01  5.670E-01  5.641E-01  5.612E-01  5.584E-01  5.555E-01  5.525E-01  5.496E-01  5.467E-01  5.438E-01  5.408E-01  5.379E-01
  381.5000  6.556E-01  6.534E-01  6.512E-01  6.490E-01  6.468E-01  6.446E-01  6.424E-01  6.401E-01  6.379E-01  6.356E-01  6.333E-01  6.310E-01  6.287E-01  6.264E-01  6.241E-01  6.217E-01  6.194E-01  6.170E-01  6.146E-01  6.123E-01  6.099E-01  6.075E-01  6.050E-01  6.026E-01  6.002E-01  5.977E-01  5.952E-01  5.928E-01  5.903E-01  5.878E-01  5.853E-01  5.828E-01  5.802E-01  5.777E-01  5.752E-01  5.726E-01  5.700E-01  5.675E-01  5.649E-01  5.623E-01  5.597E-01  5.571E-01  5.545E-01  5.518E-01  5.492E-01  5.465E-01  5.439E-01  5.412E-01  5.385E-01  5.359E-01  5.332E-01  5.305E-01  5.278E-01  5.251E-01  5.223E-01  5.196E-01  5.169E-01  5.141E-01  5.114E-01  5.086E-01  5.058E-01
  382.5000  4.370E-01  4.356E-01  4.341E-01  4.327E-01  4.312E-01  4.297E-01  4.282E-01  4.268E-01  4.252E-01  4.237E-01  4.222E-01  4.207E-01  4.192E-01  4.176E-01  4.161E-01  4.145E-01  4.129E-01  4.114E-01  4.098E-01  4.082E-01  4.066E-01  4.050E-01  4.034E-01  4.018E-01  4.001E-01  3.985E-01  3.969E-01  3.952E-01  3.936E-01  3.919E-01  3.902E-01  3.886E-01  3.869E-01  3.852E-01  3.835E-01  3.818E-01  3.801E-01  3.784E-01  3.766E-01  3.749E-01  3.732E-01  3.714E-01  3.697E-01  3.680E-01  3.662E-01  3.644E-01  3.627E-01  3.609E-01  3.591E-01  3.573E-01  3.555E-01  3.537E-01  3.519E-01  3.501E-01  3.483E-01  3.465E-01  3.447E-01  3.428E-01  3.410E-01  3.392E-01  3.373E-01
  383.5000  3.839E-01  3.827E-01  3.814E-01  3.801E-01  3.788E-01  3.775E-01  3.762E-01  3.749E-01  3.736E-01  3.723E-01  3.709E-01  3.696E-01  3.683E-01  3.669E-01  3.655E-01  3.642E-01  3.628E-01  3.614E-01  3.600E-01  3.586E-01  3.572E-01  3.558E-01  3.544E-01  3.530E-01  3.516E-01  3.501E-01  3.487E-01  3.472E-01  3.458E-01  3.443E-01  3.429E-01  3.414E-01  3.399E-01  3.384E-01  3.370E-01  3.355E-01  3.340E-01  3.325E-01  3.309E-01  3.294E-01  3.279E-01  3.264E-01  3.249E-01  3.233E-01  3.218E-01  3.202E-01  3.187E-01  3.171E-01  3.156E-01  3.140E-01  3.124E-01  3.108E-01  3.092E-01  3.077E-01  3.061E-01  3.045E-01  3.029E-01  3.013E-01  2.997E-01  2.980E-01  2.964E-01
  384.5000  5.765E-01  5.746E-01  5.726E-01  5.707E-01  5.688E-01  5.668E-01  5.649E-01  5.629E-01  5.609E-01  5.589E-01  5.569E-01  5.549E-01  5.529E-01  5.509E-01  5.488E-01  5.468E-01  5.447E-01  5.427E-01  5.406E-01  5.385E-01  5.364E-01  5.343E-01  5.322E-01  5.300E-01  5.279E-01  5.257E-01  5.236E-01  5.214E-01  5.192E-01  5.170E-01  5.149E-01  5.126E-01  5.104E-01  5.082E-01  5.060E-01  5.037E-01  5.015E-01  4.992E-01  4.970E-01  4.947E-01  4.924E-01  4.901E-01  4.878E-01  4.855E-01  4.832E-01  4.809E-01  4.786E-01  4.762E-01  4.739E-01  4.715E-01  4.692E-01  4.668E-01  4.644E-01  4.620E-01  4.596E-01  4.573E-01  4.549E-01  4.524E-01  4.500E-01  4.476E-01  4.452E-01
  385.5000  5.706E-01  5.687E-01  5.668E-01  5.649E-01  5.630E-01  5.611E-01  5.591E-01  5.572E-01  5.552E-01  5.533E-01  5.513E-01  5.493E-01  5.473E-01  5.453E-01  5.433E-01  5.413E-01  5.392E-01  5.372E-01  5.351E-01  5.330E-01  5.310E-01  5.289E-01  5.268E-01  5.247E-01  5.226E-01  5.204E-01  5.183E-01  5.162E-01  5.140E-01  5.118E-01  5.097E-01  5.075E-01  5.053E-01  5.031E-01  5.009E-01  4.987E-01  4.965E-01  4.942E-01  4.920E-01  4.897E-01  4.875E-01  4.852E-01  4.829E-01  4.807E-01  4.784E-01  4.761E-01  4.738E-01  4.715E-01  4.692E-01  4.668E-01  4.645E-01  4.621E-01  4.598E-01  4.574E-01  4.551E-01  4.527E-01  4.503E-01  4.480E-01  4.456E-01  4.432E-01  4.408E-01
  386.5000  5.819E-01  5.800E-01  5.780E-01  5.761E-01  5.741E-01  5.722E-01  5.702E-01  5.682E-01  5.662E-01  5.642E-01  5.622E-01  5.602E-01  5.582E-01  5.561E-01  5.541E-01  5.520E-01  5.499E-01  5.478E-01  5.457E-01  5.436E-01  5.415E-01  5.394E-01  5.373E-01  5.351E-01  5.330E-01  5.308E-01  5.286E-01  5.264E-01  5.242E-01  5.220E-01  5.198E-01  5.176E-01  5.154E-01  5.131E-01  5.109E-01  5.086E-01  5.064E-01  5.041E-01  5.018E-01  4.995E-01  4.972E-01  4.949E-01  4.926E-01  4.903E-01  4.879E-01  4.856E-01  4.833E-01  4.809E-01  4.785E-01  4.762E-01  4.738E-01  4.714E-01  4.690E-01  4.666E-01  4.642E-01  4.618E-01  4.594E-01  4.569E-01  4.545E-01  4.521E-01  4.496E-01
  387.5000  5.410E-01  5.392E-01  5.374E-01  5.356E-01  5.338E-01  5.320E-01  5.302E-01  5.283E-01  5.265E-01  5.246E-01  5.228E-01  5.209E-01  5.190E-01  5.171E-01  5.152E-01  5.133E-01  5.113E-01  5.094E-01  5.074E-01  5.055E-01  5.035E-01  5.016E-01  4.996E-01  4.976E-01  4.956E-01  4.936E-01  4.915E-01  4.895E-01  4.875E-01  4.854E-01  4.834E-01  4.813E-01  4.792E-01  4.772E-01  4.751E-01  4.730E-01  4.709E-01  4.688E-01  4.666E-01  4.645E-01  4.624E-01  4.602E-01  4.581E-01  4.559E-01  4.538E-01  4.516E-01  4.494E-01  4.472E-01  4.450E-01  4.428E-01  4.406E-01  4.384E-01  4.362E-01  4.339E-01  4.317E-01  4.295E-01  4.272E-01  4.250E-01  4.227E-01  4.204E-01  4.182E-01
  388.5000  5.425E-01  5.407E-01  5.389E-01  5.371E-01  5.353E-01  5.335E-01  5.317E-01  5.298E-01  5.280E-01  5.261E-01  5.242E-01  5.223E-01  5.204E-01  5.185E-01  5.166E-01  5.147E-01  5.128E-01  5.108E-01  5.089E-01  5.069E-01  5.050E-01  5.030E-01  5.010E-01  4.990E-01  4.970E-01  4.950E-01  4.930E-01  4.909E-01  4.889E-01  4.868E-01  4.848E-01  4.827E-01  4.806E-01  4.786E-01  4.765E-01  4.744E-01  4.723E-01  4.701E-01  4.680E-01  4.659E-01  4.637E-01  4.616E-01  4.594E-01  4.573E-01  4.551E-01  4.529E-01  4.508E-01  4.486E-01  4.464E-01  4.442E-01  4.419E-01  4.397E-01  4.375E-01  4.353E-01  4.330E-01  4.308E-01  4.285E-01  4.263E-01  4.240E-01  4.217E-01  4.194E-01
  389.5000  6.844E-01  6.822E-01  6.799E-01  6.777E-01  6.754E-01  6.731E-01  6.708E-01  6.684E-01  6.661E-01  6.638E-01  6.614E-01  6.590E-01  6.566E-01  6.542E-01  6.518E-01  6.494E-01  6.470E-01  6.445E-01  6.421E-01  6.396E-01  6.371E-01  6.346E-01  6.321E-01  6.296E-01  6.271E-01  6.245E-01  6.220E-01  6.194E-01  6.169E-01  6.143E-01  6.117E-01  6.091E-01  6.065E-01  6.038E-01  6.012E-01  5.986E-01  5.959E-01  5.932E-01  5.906E-01  5.879E-01  5.852E-01  5.825E-01  5.798E-01  5.770E-01  5.743E-01  5.716E-01  5.688E-01  5.660E-01  5.633E-01  5.605E-01  5.577E-01  5.549E-01  5.521E-01  5.493E-01  5.464E-01  5.436E-01  5.408E-01  5.379E-01  5.351E-01  5.322E-01  5.293E-01
  390.5000  6.726E-01  6.704E-01  6.682E-01  6.659E-01  6.637E-01  6.614E-01  6.592E-01  6.569E-01  6.546E-01  6.523E-01  6.500E-01  6.476E-01  6.453E-01  6.429E-01  6.406E-01  6.382E-01  6.358E-01  6.334E-01  6.310E-01  6.286E-01  6.261E-01  6.237E-01  6.212E-01  6.188E-01  6.163E-01  6.138E-01  6.113E-01  6.088E-01  6.062E-01  6.037E-01  6.012E-01  5.986E-01  5.960E-01  5.935E-01  5.909E-01  5.883E-01  5.857E-01  5.831E-01  5.804E-01  5.778E-01  5.751E-01  5.725E-01  5.698E-01  5.671E-01  5.645E-01  5.618E-01  5.591E-01  5.563E-01  5.536E-01  5.509E-01  5.482E-01  5.454E-01  5.427E-01  5.399E-01  5.371E-01  5.343E-01  5.315E-01  5.287E-01  5.259E-01  5.231E-01  5.203E-01
  391.5000  7.983E-01  7.957E-01  7.930E-01  7.904E-01  7.877E-01  7.851E-01  7.824E-01  7.797E-01  7.770E-01  7.742E-01  7.715E-01  7.687E-01  7.660E-01  7.632E-01  7.604E-01  7.575E-01  7.547E-01  7.519E-01  7.490E-01  7.461E-01  7.432E-01  7.403E-01  7.374E-01  7.345E-01  7.316E-01  7.286E-01  7.256E-01  7.227E-01  7.197E-01  7.167E-01  7.136E-01  7.106E-01  7.076E-01  7.045E-01  7.014E-01  6.984E-01  6.953E-01  6.922E-01  6.890E-01  6.859E-01  6.828E-01  6.796E-01  6.765E-01  6.733E-01  6.701E-01  6.669E-01  6.637E-01  6.605E-01  6.573E-01  6.540E-01  6.508E-01  6.475E-01  6.442E-01  6.410E-01  6.377E-01  6.344E-01  6.311E-01  6.278E-01  6.244E-01  6.211E-01  6.177E-01
  392.5000  5.989E-01  5.970E-01  5.950E-01  5.930E-01  5.910E-01  5.890E-01  5.870E-01  5.850E-01  5.829E-01  5.809E-01  5.788E-01  5.768E-01  5.747E-01  5.726E-01  5.705E-01  5.684E-01  5.662E-01  5.641E-01  5.620E-01  5.598E-01  5.577E-01  5.555E-01  5.533E-01  5.511E-01  5.489E-01  5.467E-01  5.445E-01  5.422E-01  5.400E-01  5.377E-01  5.355E-01  5.332E-01  5.309E-01  5.286E-01  5.263E-01  5.240E-01  5.217E-01  5.194E-01  5.170E-01  5.147E-01  5.123E-01  5.100E-01  5.076E-01  5.052E-01  5.028E-01  5.004E-01  4.980E-01  4.956E-01  4.932E-01  4.908E-01  4.883E-01  4.859E-01  4.835E-01  4.810E-01  4.785E-01  4.761E-01  4.736E-01  4.711E-01  4.686E-01  4.661E-01  4.636E-01
  393.5000  2.605E-01  2.596E-01  2.588E-01  2.579E-01  2.571E-01  2.562E-01  2.553E-01  2.544E-01  2.536E-01  2.527E-01  2.518E-01  2.509E-01  2.500E-01  2.491E-01  2.481E-01  2.472E-01  2.463E-01  2.454E-01  2.445E-01  2.435E-01  2.426E-01  2.416E-01  2.407E-01  2.397E-01  2.388E-01  2.378E-01  2.368E-01  2.359E-01  2.349E-01  2.339E-01  2.329E-01  2.319E-01  2.310E-01  2.300E-01  2.290E-01  2.280E-01  2.270E-01  2.259E-01  2.249E-01  2.239E-01  2.229E-01  2.219E-01  2.208E-01  2.198E-01  2.188E-01  2.177E-01  2.167E-01  2.156E-01  2.146E-01  2.135E-01  2.125E-01  2.114E-01  2.103E-01  2.093E-01  2.082E-01  2.071E-01  2.060E-01  2.050E-01  2.039E-01  2.028E-01  2.017E-01
  394.5000  6.133E-01  6.113E-01  6.093E-01  6.072E-01  6.052E-01  6.032E-01  6.011E-01  5.990E-01  5.969E-01  5.949E-01  5.928E-01  5.906E-01  5.885E-01  5.864E-01  5.842E-01  5.821E-01  5.799E-01  5.777E-01  5.755E-01  5.733E-01  5.711E-01  5.689E-01  5.667E-01  5.644E-01  5.622E-01  5.599E-01  5.576E-01  5.554E-01  5.531E-01  5.508E-01  5.484E-01  5.461E-01  5.438E-01  5.415E-01  5.391E-01  5.367E-01  5.344E-01  5.320E-01  5.296E-01  5.272E-01  5.248E-01  5.224E-01  5.200E-01  5.175E-01  5.151E-01  5.127E-01  5.102E-01  5.077E-01  5.053E-01  5.028E-01  5.003E-01  4.978E-01  4.953E-01  4.928E-01  4.903E-01  4.877E-01  4.852E-01  4.827E-01  4.801E-01  4.775E-01  4.750E-01
  395.5000  7.894E-01  7.868E-01  7.843E-01  7.817E-01  7.790E-01  7.764E-01  7.738E-01  7.711E-01  7.684E-01  7.657E-01  7.630E-01  7.603E-01  7.576E-01  7.548E-01  7.521E-01  7.493E-01  7.465E-01  7.437E-01  7.409E-01  7.381E-01  7.352E-01  7.324E-01  7.295E-01  7.266E-01  7.237E-01  7.208E-01  7.179E-01  7.149E-01  7.120E-01  7.090E-01  7.061E-01  7.031E-01  7.001E-01  6.971E-01  6.940E-01  6.910E-01  6.880E-01  6.849E-01  6.818E-01  6.787E-01  6.757E-01  6.725E-01  6.694E-01  6.663E-01  6.632E-01  6.600E-01  6.569E-01  6.537E-01  6.505E-01  6.473E-01  6.441E-01  6.409E-01  6.377E-01  6.345E-01  6.312E-01  6.280E-01  6.247E-01  6.214E-01  6.182E-01  6.149E-01  6.116E-01
  396.5000  4.637E-01  4.622E-01  4.607E-01  4.592E-01  4.576E-01  4.561E-01  4.545E-01  4.530E-01  4.514E-01  4.498E-01  4.482E-01  4.467E-01  4.451E-01  4.434E-01  4.418E-01  4.402E-01  4.386E-01  4.369E-01  4.353E-01  4.336E-01  4.319E-01  4.303E-01  4.286E-01  4.269E-01  4.252E-01  4.235E-01  4.218E-01  4.200E-01  4.183E-01  4.166E-01  4.148E-01  4.131E-01  4.113E-01  4.095E-01  4.078E-01  4.060E-01  4.042E-01  4.024E-01  4.006E-01  3.988E-01  3.970E-01  3.952E-01  3.933E-01  3.915E-01  3.896E-01  3.878E-01  3.859E-01  3.841E-01  3.822E-01  3.803E-01  3.785E-01  3.766E-01  3.747E-01  3.728E-01  3.709E-01  3.690E-01  3.671E-01  3.651E-01  3.632E-01  3.613E-01  3.594E-01
  397.5000  5.353E-01  5.336E-01  5.318E-01  5.301E-01  5.283E-01  5.265E-01  5.247E-01  5.229E-01  5.211E-01  5.193E-01  5.175E-01  5.156E-01  5.138E-01  5.119E-01  5.101E-01  5.082E-01  5.063E-01  5.044E-01  5.025E-01  5.006E-01  4.987E-01  4.967E-01  4.948E-01  4.928E-01  4.909E-01  4.889E-01  4.869E-01  4.849E-01  4.829E-01  4.809E-01  4.789E-01  4.769E-01  4.749E-01  4.728E-01  4.708E-01  4.687E-01  4.667E-01  4.646E-01  4.625E-01  4.604E-01  4.584E-01  4.562E-01  4.541E-01  4.520E-01  4.499E-01  4.478E-01  4.456E-01  4.435E-01  4.413E-01  4.392E-01  4.370E-01  4.348E-01  4.326E-01  4.305E-01  4.283E-01  4.261E-01  4.239E-01  4.216E-01  4.194E-01  4.172E-01  4.150E-01
  398.5000  9.203E-01  9.173E-01  9.143E-01  9.112E-01  9.082E-01  9.051E-01  9.021E-01  8.990E-01  8.959E-01  8.927E-01  8.896E-01  8.864E-01  8.833E-01  8.801E-01  8.769E-01  8.736E-01  8.704E-01  8.671E-01  8.639E-01  8.606E-01  8.573E-01  8.540E-01  8.506E-01  8.473E-01  8.439E-01  8.405E-01  8.371E-01  8.337E-01  8.303E-01  8.268E-01  8.234E-01  8.199E-01  8.164E-01  8.129E-01  8.094E-01  8.059E-01  8.024E-01  7.988E-01  7.952E-01  7.916E-01  7.881E-01  7.844E-01  7.808E-01  7.772E-01  7.735E-01  7.699E-01  7.662E-01  7.625E-01  7.588E-01  7.551E-01  7.514E-01  7.477E-01  7.439E-01  7.401E-01  7.364E-01  7.326E-01  7.288E-01  7.250E-01  7.212E-01  7.174E-01  7.135E-01
  399.5000  9.576E-01  9.545E-01  9.514E-01  9.482E-01  9.451E-01  9.419E-01  9.387E-01  9.355E-01  9.322E-01  9.290E-01  9.257E-01  9.224E-01  9.191E-01  9.158E-01  9.125E-01  9.091E-01  9.058E-01  9.024E-01  8.990E-01  8.956E-01  8.921E-01  8.887E-01  8.852E-01  8.817E-01  8.782E-01  8.747E-01  8.712E-01  8.676E-01  8.641E-01  8.605E-01  8.569E-01  8.533E-01  8.497E-01  8.460E-01  8.424E-01  8.387E-01  8.350E-01  8.313E-01  8.276E-01  8.239E-01  8.202E-01  8.164E-01  8.126E-01  8.089E-01  8.051E-01  8.013E-01  7.974E-01  7.936E-01  7.898E-01  7.859E-01  7.820E-01  7.781E-01  7.743E-01  7.703E-01  7.664E-01  7.625E-01  7.586E-01  7.546E-01  7.506E-01  7.467E-01  7.427E-01
------------------------------------------------------------
Dose rates, W m-2
   1 = UV-B, 280-315 nm                                  
   2 = UV-B*, 280-320 nm                                 
   3 = UV-A, 315-400 nm                                  
values at z =      0.541 km
Columns: time, sza, weighting spectra
time, hrs.  sza, deg.          1          2          3
   16.0000     30.995  1.159E+00  2.219E+00  4.303E+01
   16.0167     31.219  1.152E+00  2.207E+00  4.288E+01
   16.0333     31.444  1.145E+00  2.196E+00  4.273E+01
   16.0500     31.669  1.138E+00  2.184E+00  4.259E+01
   16.0667     31.894  1.132E+00  2.173E+00  4.243E+01
   16.0833     32.119  1.124E+00  2.161E+00  4.228E+01
   16.1000     32.343  1.118E+00  2.150E+00  4.213E+01
   16.1167     32.568  1.111E+00  2.138E+00  4.198E+01
   16.1333     32.793  1.104E+00  2.126E+00  4.182E+01
   16.1500     33.017  1.097E+00  2.114E+00  4.167E+01
   16.1667     33.242  1.090E+00  2.103E+00  4.151E+01
   16.1833     33.467  1.083E+00  2.091E+00  4.136E+01
   16.2000     33.691  1.076E+00  2.078E+00  4.120E+01
   16.2167     33.916  1.069E+00  2.067E+00  4.104E+01
   16.2333     34.140  1.062E+00  2.055E+00  4.088E+01
   16.2500     34.365  1.055E+00  2.043E+00  4.073E+01
   16.2667     34.589  1.047E+00  2.031E+00  4.056E+01
   16.2833     34.814  1.040E+00  2.019E+00  4.040E+01
   16.3000     35.038  1.033E+00  2.007E+00  4.024E+01
   16.3167     35.263  1.026E+00  1.995E+00  4.008E+01
   16.3333     35.487  1.019E+00  1.983E+00  3.992E+01
   16.3500     35.711  1.012E+00  1.970E+00  3.975E+01
   16.3667     35.936  1.005E+00  1.958E+00  3.959E+01
   16.3833     36.160  9.974E-01  1.946E+00  3.942E+01
   16.4000     36.385  9.890E-01  1.932E+00  3.926E+01
   16.4167     36.609  9.830E-01  1.921E+00  3.909E+01
   16.4333     36.833  9.758E-01  1.909E+00  3.892E+01
   16.4500     37.057  9.686E-01  1.897E+00  3.876E+01
   16.4667     37.281  9.614E-01  1.884E+00  3.859E+01
   16.4833     37.506  9.541E-01  1.872E+00  3.842E+01
   16.5000     37.730  9.467E-01  1.859E+00  3.825E+01
   16.5167     37.954  9.392E-01  1.847E+00  3.808E+01
   16.5333     38.178  9.324E-01  1.835E+00  3.791E+01
   16.5500     38.402  9.251E-01  1.822E+00  3.773E+01
   16.5667     38.626  9.178E-01  1.810E+00  3.756E+01
   16.5833     38.850  9.106E-01  1.797E+00  3.739E+01
   16.6000     39.074  9.033E-01  1.785E+00  3.722E+01
   16.6167     39.297  8.959E-01  1.772E+00  3.704E+01
   16.6333     39.521  8.888E-01  1.760E+00  3.687E+01
   16.6500     39.745  8.807E-01  1.746E+00  3.669E+01
   16.6667     39.969  8.742E-01  1.735E+00  3.651E+01
   16.6833     40.193  8.669E-01  1.722E+00  3.634E+01
   16.7000     40.417  8.597E-01  1.710E+00  3.616E+01
   16.7167     40.640  8.524E-01  1.697E+00  3.598E+01
   16.7333     40.864  8.451E-01  1.684E+00  3.580E+01
   16.7500     41.087  8.378E-01  1.672E+00  3.562E+01
   16.7667     41.311  8.305E-01  1.659E+00  3.545E+01
   16.7833     41.535  8.233E-01  1.646E+00  3.526E+01
   16.8000     41.758  8.160E-01  1.634E+00  3.508E+01
   16.8167     41.981  8.088E-01  1.621E+00  3.490E+01
   16.8333     42.205  8.015E-01  1.609E+00  3.472E+01
   16.8500     42.428  7.943E-01  1.596E+00  3.454E+01
   16.8667     42.652  7.870E-01  1.583E+00  3.436E+01
   16.8833     42.875  7.798E-01  1.571E+00  3.417E+01
   16.9000     43.098  7.717E-01  1.557E+00  3.399E+01
   16.9167     43.321  7.654E-01  1.545E+00  3.381E+01
   16.9333     43.545  7.581E-01  1.533E+00  3.362E+01
   16.9500     43.768  7.509E-01  1.520E+00  3.344E+01
   16.9667     43.991  7.438E-01  1.507E+00  3.325E+01
   16.9833     44.214  7.366E-01  1.495E+00  3.306E+01
   17.0000     44.437  7.294E-01  1.482E+00  3.288E+01
------------------------------------------------------------
